ID	Type	SMG9	DDX49	NR2C2AP	BSG	OIT3	TPM2	nomoscore
TCGA-DD-A1EL-11A-11R-A155-07	Normal	0.286631081322206	0.845980219098688	0.379186441886162	0.515634179345353	5.09690054827204	0.677473819505211	-5.18992305150718
TCGA-DD-A39X-11A-11R-A213-07	Normal	0.320170119366445	0.78206404178283	0.727232827845241	0.465525069010835	4.99280652657918	0.658588002271791	-4.76890713495334
TCGA-BC-A216-11A-11R-A155-07	Normal	0.422614706123516	1.17541925820904	0.548267251100191	0.6785477754858	5.54150314980091	1.03703987431457	-5.05665460845564
TCGA-FV-A2QR-11A-11R-A213-07	Normal	0.377334644362282	0.687171837342987	0.572842898177256	0.961778263969077	4.29394296326713	1.94935105292095	0.712773954002211
TCGA-BD-A3EP-11A-12R-A22L-07	Normal	0.33458797120595	1.1197246146433	0.150752459018351	1.1085825859596	5.49393612262866	1.11984678532313	-3.43150089847182
TCGA-DD-A1EG-11A-11R-A213-07	Normal	0.452447412836596	1.23948479816491	0.551067361242812	0.941696089296591	5.01733834970733	2.03050559115526	-1.33887990015046
TCGA-FV-A23B-11A-11R-A16W-07	Normal	0.434853193649809	0.729606112453239	0.610377846119802	0.775859047870513	4.82606258153333	1.52319200386318	-1.90531798720843
TCGA-DD-A3A2-11A-11R-A213-07	Normal	0.328082492950071	0.920303480876118	0.870084293435276	0.176907828934327	5.19333889012587	1.23478927217205	-5.6324292672452
TCGA-DD-A3A8-11A-11R-A22L-07	Normal	0.455167698591513	1.68397630948892	0.595373670788475	1.10054870553445	5.17558001444082	0.926088161417802	-2.76385808064716
TCGA-DD-A39V-11A-11R-A213-07	Normal	0.542662759600271	1.19188237066163	0.455730366559356	0.349201707470249	5.60153946917895	0.97402551352267	-6.70613369682732
TCGA-FV-A3I1-11A-11R-A22L-07	Normal	0.338801860702505	0.90021590450155	0.366777970917963	0.397154205214525	5.53952571230627	0.923460321741848	-6.45683960670046
TCGA-EP-A26S-11A-12R-A16W-07	Normal	0.199248010188498	1.05311846962239	0.580185806105114	0.409537580841416	5.55567574350956	1.1747192596867	-6.06434066184731
TCGA-DD-A39W-11A-11R-A213-07	Normal	0.187216146748421	1.13715971976944	0.512203799312048	0	5.08945186686363	1.17710994809425	-6.76269175736934
TCGA-EP-A3RK-11A-11R-A22L-07	Normal	0.374383022792944	0.926631794948076	0.885472464231359	0.216960286711969	5.11571303965459	1.52880711781842	-4.8379784588591
TCGA-DD-A39Z-11A-21R-A213-07	Normal	0.380185284196773	1.20735802479081	0.7220018414718	0.62242512669134	3.40700314318245	2.01445388663911	1.39652498957149
TCGA-BD-A2L6-11A-21R-A213-07	Normal	0.717818030576883	0.684997654737429	0.399375595829613	0.818613939613364	5.1140697905708	1.68298395061483	-2.2352967408688
TCGA-FV-A3R2-11A-11R-A22L-07	Normal	0.433660519679316	1.21335383947715	0.868437918899777	0.983892942486171	4.97985191072272	1.4786454783185	-1.49535399540606
TCGA-DD-A3A3-11A-11R-A22L-07	Normal	0.28482964919328	0.970650224826698	0.505280173101783	0.601782827871069	5.96054994331668	1.94978602675635	-5.17986691125861
TCGA-G3-A3CH-11A-11R-A22L-07	Normal	0.471242163257875	1.12953214176861	0.55678834032422	0.869973105025213	5.4316242922817	1.02717009883289	-3.93128329028588
TCGA-DD-A3A5-11A-11R-A22L-07	Normal	0.326010801757044	1.05814320947397	0.246493102750986	0.329276733019193	3.71176434708452	0.62601853367502	-2.87463575057317
TCGA-DD-A1EH-11A-11R-A131-07	Normal	0.286076380571307	0.826837681889934	0.798602846421672	0.647221831439638	5.01280840546999	0.975953270384595	-3.60053969228892
TCGA-DD-A1EC-11A-11R-A131-07	Normal	0	0.874015772675955	0	0.336066415603892	5.86817213217863	1.56534114299121	-7.19982409476771
TCGA-BC-A10X-11A-11R-A131-07	Normal	0.151001239766521	0.710528947278073	0.345415193863533	0.40611292702061	5.28446856211413	1.10572803824379	-5.56655594872262
TCGA-BC-A10W-11A-11R-A131-07	Normal	0.223180560931056	0.877835936963616	0.542256507543374	0.793803801604577	5.49191153230005	0.985635189581647	-4.46763003992676
TCGA-DD-A119-11A-11R-A131-07	Normal	0.254725889886939	0.771506561245888	0.0969065601490799	0.317593726144864	6.3700650029522	0.619782217752873	-9.4820042049037
TCGA-DD-A1EI-11A-11R-A131-07	Normal	0.23695621846387	1.05917492695122	0.429089813539284	0.390052160273957	5.33220307067173	0.697672500248864	-6.37274922107761
TCGA-BC-A110-11A-11R-A131-07	Normal	0.601534161094448	1.18484418881903	0.328701405089727	0.539828853321995	5.31950194351004	1.004264603453	-5.25828468164977
TCGA-DD-A11C-11A-11R-A131-07	Normal	0.35674375810516	0.981440335836952	0.495107360685446	0.61221754741806	5.58918986559267	0.782286438166919	-5.77437997148271
TCGA-FV-A3I0-11A-11R-A22L-07	Normal	0.467700689001905	1.15608606143935	0.492336534600148	0.538020683207941	4.55102240562276	0.343361084245208	-4.16986869534874
TCGA-DD-A3A1-11A-11R-A213-07	Normal	0.65107003295706	1.42955501848579	0.687797704298507	0.811552251449936	4.703423623348	2.75008836888777	-0.00427024145344479
TCGA-DD-A11A-11A-11R-A131-07	Normal	0.105210933222273	0.596753794188325	0.259279800603965	0.433260149153404	5.84808995750614	0.77605547792613	-7.3268388824537
TCGA-BC-A10Z-11A-11R-A131-07	Normal	0.453334502029728	1.00743848935042	1.02828214206147	1.07009993680336	4.5223051327849	1.85300899462861	0.786197552771467
TCGA-EP-A12J-11A-11R-A131-07	Normal	0.26591045613363	1.16239565078226	0.274259128528813	1.14735145233276	4.77077684273924	0.983951475826315	-1.61860781995005
TCGA-BC-A10T-11A-11R-A131-07	Normal	0.228880342097765	0.923199099675081	0.691563582552962	0.610117084076495	5.97379124570609	0.908261842908993	-6.40333270254088
TCGA-DD-A11D-11A-12R-A131-07	Normal	0.363274781272618	0.908056787086628	0.244419761356839	0.896122075553754	4.70920288925967	0.653695468839163	-2.79445945989932
TCGA-DD-A113-11A-12R-A131-07	Normal	0.23067947937257	1.04571481297757	0.0943326361488237	0.583589671453064	4.97298438736803	2.06876307973878	-3.15339750847657
TCGA-DD-A1EE-11A-11R-A131-07	Normal	0.257128738013184	1.08397902446135	0.230297446404409	0.618078811909587	5.32139976776111	0.914169724012126	-5.29441286176734
TCGA-DD-A116-11A-12R-A26B-07	Normal	0.315183702428885	0.730024580604754	0.229381109395782	0.0373718470488251	4.97158322266179	0.947402182614374	-6.59406576702371
TCGA-DD-A118-11A-11R-A131-07	Normal	0.17349838443129	1.03430665833339	0.143294638920549	0.243477946082275	5.79075635519371	0.379667531889786	-8.85018579600856
TCGA-DD-A114-11A-12R-A131-07	Normal	0.324900939589469	0.842789400227407	0.361919928348406	1.10320156577185	5.07137284626447	0.835540367993538	-2.43493330196759
TCGA-DD-A3A4-11A-11R-A22L-07	Normal	0.445141583353998	1.37161455624242	1.01702279949433	1.50215469080936	6.75464391518163	2.03538218953402	-2.86009604186272
TCGA-DD-A1EJ-11A-11R-A155-07	Normal	0.194924371708413	0.886626930980154	0.652197116224964	0.959191057102529	5.21245647435061	1.81063429298236	-1.88477863392255
TCGA-ES-A2HT-11A-11R-A180-07	Normal	0.511796693362098	1.13764120993047	0.966915077951482	1.32076368349228	4.23152107435128	1.1474541000029	1.49968143359683
TCGA-BC-A10R-11A-11R-A131-07	Normal	0.286631081322206	0.855129447612709	0.181166072152458	0.601782827871069	5.34146509357854	0.159698628616483	-6.3284130090103
TCGA-BC-A10Y-11A-11R-A131-07	Normal	0.241330343558677	0.682541908445576	0.4418441966582	0.727082118539618	5.9342858396608	1.25473979008226	-5.44625880075142
TCGA-BC-A10U-11A-11R-A131-07	Normal	0.252919156871074	0.660509080971058	0.335480748176064	0.62242512669134	4.84947012930797	1.89539601029358	-2.44387266753703
TCGA-DD-A11B-11A-11R-A131-07	Normal	0.318994687808819	0.844176824345559	0.557606927364183	0.769105483408647	4.71394388094774	1.82183208742347	-1.44198356295403
TCGA-DD-A1EB-11A-11R-A131-07	Normal	0.253649149165187	0.988872921564353	0.275370730244846	0.502234458405679	5.19502080092118	0	-6.60712677290652
TCGA-BC-A10Q-11A-11R-A131-07	Normal	0.26841923331927	1.10148546261527	0.436462006236029	0.915436177074096	5.11225422790064	0.86196184320265	-3.39968795617121
TCGA-DD-A3A6-11A-11R-A22L-07	Normal	0.46221141631121	1.52288473616467	1.12821547278477	0.720567746167203	2.20794054303307	1.77260144693944	4.69328293084655
TCGA-CC-A5UC-01A-11R-A28V-07	Tumor	0.932440998687508	1.70700737653696	1.86557357601582	2.19504316402313	3.1328413669547	3.42351303837835	11.7504266248755
TCGA-DD-AAEI-01A-11R-A41C-07	Tumor	0.822603357033433	1.92163504737809	1.45422075430225	2.11049651387302	2.81866884783524	1.1587908485167	8.51263525481825
TCGA-G3-A7M6-01A-11R-A33R-07	Tumor	2.13738553124194	1.50940450456249	1.46487756059646	1.94446176620048	0.786571727055132	3.94316674661056	17.578599285187
TCGA-DD-A1EL-01A-11R-A155-07	Tumor	0.921941320248623	2.41977169880241	1.90679340584061	0.855596489659472	2.28190018622758	1.84644640056517	5.69470993969914
TCGA-DD-A4NB-01A-12R-A266-07	Tumor	0.658119897383809	1.21920877125166	0.420213761323101	2.71253850823642	2.70913897327314	3.80524654888119	14.1762294785687
TCGA-DD-A39Y-01A-11R-A213-07	Tumor	1.74261341481686	2.34692527764986	1.84467126255875	2.54482822780582	1.39341654522782	4.68486454536411	19.272772325285
TCGA-DD-AAC8-01A-11R-A41C-07	Tumor	0.921645504099083	1.29506563891707	2.08144673679448	2.16646521971319	1.88321765975784	2.33133362182442	13.6727338029282
TCGA-DD-AACG-01A-11R-A41C-07	Tumor	1.80276351059996	1.34894314047807	1.45745765052284	0.435071225368987	0.60775481153807	2.81651581096913	10.0385269554511
TCGA-2Y-A9HA-01A-11R-A39D-07	Tumor	0.713982540180512	2.64458014712193	1.52025390108306	1.91978360236102	2.23673484036187	1.62919222685291	9.35415181972151
TCGA-DD-AAVQ-01A-11R-A41C-07	Tumor	1.18147730124551	1.54763239680047	1.90725295778159	1.56282167962416	1.25235624980002	2.93586112455057	13.3293229126147
TCGA-CC-A3M9-01A-11R-A213-07	Tumor	2.55839526430853	1.86597828783119	1.84794015167944	2.16646521971319	1.02148328075767	4.58966692372975	19.2247204759277
TCGA-FV-A23B-01A-11R-A16W-07	Tumor	0.942577091100963	1.33518579109722	1.01702279949433	2.31308559463967	3.61062544034424	1.70250601870598	8.13324160444014
TCGA-DD-A1EJ-01A-11R-A155-07	Tumor	0.87170729069977	1.74109452569776	1.46193210793087	3.29609700463588	2.89964117427931	1.03996630329221	13.2829842266763
TCGA-CC-A5UE-01A-11R-A28V-07	Tumor	1.5366455477068	2.32412687325885	1.98668921883815	0.981323243109816	2.06726941529135	2.66438588382742	8.34747023955036
TCGA-DD-A4ND-01A-11R-A266-07	Tumor	0.548615550799349	1.93215358948861	0.376012594590283	1.98376046791616	3.34655852391107	4.72717260405176	10.2654578036055
TCGA-DD-A4NV-01A-11R-A311-07	Tumor	0.469060196509636	1.52990796007014	1.14094857519871	2.05765661997846	3.89114565252267	2.44080265774367	7.09974868098872
TCGA-EP-A3RK-01A-11R-A22L-07	Tumor	1.22751114057117	2.03177054700268	1.91674498886731	1.51750763241204	1.93132990079586	2.34901310842828	10.4328640059787
TCGA-DD-AAW3-01A-11R-A41C-07	Tumor	0.497453613603427	1.31834619771743	1.53218109724289	1.52849095952252	2.32330048234465	1.37168998615027	7.8081284482793
TCGA-DD-AADD-01A-11R-A41C-07	Tumor	0.666541438801081	1.29140037723473	1.14414584960652	1.41943531946128	3.29001874073975	0.439362411790525	3.44684935640768
TCGA-2Y-A9H7-01A-11R-A39D-07	Tumor	0.920068870387609	1.63710844811978	1.39045481524097	1.48851870682857	3.09106062822512	1.86161711439046	6.33538276978072
TCGA-DD-AADB-01A-11R-A41C-07	Tumor	1.9630622833995	2.4382855941849	2.14381240471717	2.23801315392863	3.15759012462993	1.51953449987043	9.74918105235536
TCGA-XR-A8TF-01A-11R-A36F-07	Tumor	0.362212288343441	1.55801319466555	1.93405874318847	0.452759389030011	2.58729350862174	0.876760452488957	2.14573875676151
TCGA-DD-AAD1-01A-11R-A41C-07	Tumor	0.671329059693028	1.25099062240367	1.26524185856566	2.06292953029792	2.78366744688072	3.56579914456917	11.7635320108098
TCGA-UB-A7MF-01A-11R-A33J-07	Tumor	1.2627700144464	2.02122019437138	1.18688941110002	2.07854112763088	1.70338588843752	2.17845591007273	12.4261838623008
TCGA-RC-A7SH-01A-11R-A38B-07	Tumor	1.57078638336515	2.17605673699253	2.58004296195377	3.30985840481872	1.69009292506688	3.25277505921018	20.5583503497359
TCGA-DD-AACV-01A-11R-A41C-07	Tumor	0.167881474947524	2.26749102548799	2.04678234083993	1.55888324539759	1.58192104038084	0.531609606319111	8.38638077408261
TCGA-HP-A5MZ-01A-21R-A27V-07	Tumor	0.992267137918542	1.55228301184117	0.837384991959035	1.81624753880223	1.98865095012158	3.1342632397318	11.6823639193561
TCGA-DD-AADY-01A-11R-A41C-07	Tumor	0.545322551706586	1.37276990573983	1.69454350159084	1.36885527056118	1.97032464847189	1.14980051695568	7.86074217787882
TCGA-LG-A9QC-01A-11R-A37K-07	Tumor	0.974463810498375	0.878310855757203	1.66623468537284	1.07869970490132	2.49877900687371	3.10224266966197	8.4881137110944
TCGA-G3-A25X-01A-11R-A16W-07	Tumor	2.43355517984532	2.18465713604538	2.1459320626788	1.26153910102437	0.29932982814744	5.11398698479959	17.935063144861
TCGA-G3-A7M7-01A-12R-A352-07	Tumor	1.29117219632482	1.93295507294259	1.22865890260622	2.17776084275565	1.99489258546704	2.15179157539534	12.2012873127141
TCGA-DD-AAD5-01A-11R-A41C-07	Tumor	1.48414671628903	1.9752228835757	2.17589652161059	2.72976431085966	0.0980374562078217	5.69841427234329	24.9944281470463
TCGA-DD-AAVW-01A-11R-A41C-07	Tumor	0.353992563743836	1.12135194839497	0.926858996772297	1.07272819847643	2.9093515420995	2.9047683302511	5.9525853061862
TCGA-RG-A7D4-01A-12R-A33R-07	Tumor	0.654905110129758	1.56772309635994	1.79264869740412	1.16731504982832	2.06016797907524	1.86000563675198	7.79794289975678
TCGA-BW-A5NQ-01A-11R-A27V-07	Tumor	0.505356226353131	1.70217363296071	1.57296136356793	1.73939040159892	1.40649371563132	1.48436151520085	10.9195531117672
TCGA-ZP-A9D0-01A-11R-A37K-07	Tumor	0.753637754032622	1.72188645030164	0.490478762593737	1.43262442815529	3.40642591633798	1.11330474748683	3.27771920356115
TCGA-DD-AADQ-01A-11R-A41C-07	Tumor	0.772377319388345	1.95074730467963	1.65707793631277	2.20068305871987	1.63934253902967	2.53198167304366	13.7960573832031
TCGA-DD-AAVZ-01A-11R-A41C-07	Tumor	0.4224697562985	1.47065201840272	1.36486371710958	1.017322913865	2.28660275877737	1.3727836171894	5.45082000428676
TCGA-G3-A25T-01A-11R-A16W-07	Tumor	2.09630329047058	1.51643936108613	1.89234066312205	2.54482822780582	1.87904966152551	3.88308050381123	17.7362299915776
TCGA-ZP-A9CY-01A-11R-A38B-07	Tumor	0.359808173757906	0.923684279673646	0.685710624129242	1.28633575136767	3.68318475552687	1.90805277341875	3.48570529943824
TCGA-DD-AACD-01A-11R-A41C-07	Tumor	0.861401192557016	1.95714891783226	1.74941625030827	1.09764320388122	0.392346251161047	2.90742342051781	12.8638128300835
TCGA-G3-A7M8-01A-11R-A33R-07	Tumor	0.958132452720296	1.52022436047153	0.717993400262201	0.591700385510965	2.3367592513607	2.14326760704994	4.21884201602512
TCGA-G3-A6UC-01A-21R-A33J-07	Tumor	0.495943332070465	1.25589920458208	1.0197248586412	1.45629718799339	2.54517475145155	0.445045291779227	5.2367176621367
TCGA-DD-AADM-01A-11R-A41C-07	Tumor	1.2418600670994	1.97430875762005	1.86263175093781	1.20486415830915	0.991537021939159	3.09836813268746	12.4249123514808
TCGA-KR-A7K7-01A-11R-A33J-07	Tumor	1.45171946123074	2.54340964583994	2.43142947494147	2.46609668849244	0.947151019844827	2.48887969039335	17.3707745270134
TCGA-ED-A627-01A-12R-A311-07	Tumor	0.325534918798473	0.968815598824077	0.771814968225795	1.47771596365285	4.89305828163058	3.21243247326904	3.11952702923393
TCGA-RC-A7SK-01A-11R-A352-07	Tumor	0.664714179510253	1.70003077721908	1.07719765385595	1.55116178404247	2.38973940925633	2.59053349147346	8.80906534541825
TCGA-DD-A3A8-01A-11R-A22L-07	Tumor	0.81121642285666	1.28000800856173	1.24981897377267	1.47068048522666	2.31158407230433	1.53635676635124	7.74117498767118
TCGA-WX-AA46-01A-11R-A39D-07	Tumor	0.392937380059188	0.829564683117237	0.80593521452156	0.773505597652065	4.77452725632213	2.11163758222285	-0.883453279413833
TCGA-DD-A4NP-01A-11R-A28V-07	Tumor	0.770846184564853	1.37215670587324	0.716179237918787	0.682795997383124	3.15219816114037	1.89582419435597	2.24145465201775
TCGA-DD-A39V-01A-11R-A213-07	Tumor	1.3219290778	2.69117484519294	2.27840793434982	0.936996254684386	0.821397909530157	2.89797137409844	11.4852230266135
TCGA-DD-AADV-01A-11R-A39D-07	Tumor	0.501857404488342	2.76901585553287	2.07215829582561	1.34655268181871	2.96871994665587	1.79878595196491	5.72475773370191
TCGA-FV-A3I1-01A-11R-A22L-07	Tumor	1.2991962278308	0.831347992148322	0.376012594590283	0.986491518253907	2.39545423026908	2.13495105361955	5.9863636224825
TCGA-G3-A3CI-01A-11R-A213-07	Tumor	0.407399536969473	1.26330307279592	0.332867681163711	1.65382250759	2.7193621556984	2.01618608068506	7.02411757781008
TCGA-ED-A5KG-01A-11R-A27V-07	Tumor	0.873579886214501	0.992930174828957	1.10614608071344	1.84358367119593	1.76732991826065	3.10146388812852	12.8204293862413
TCGA-BD-A3EP-01A-11R-A22L-07	Tumor	1.07367324254409	1.98092685148201	1.50956591994604	2.28779802014626	1.27072348202867	3.53552760145314	16.4337710825061
TCGA-DD-AAVY-01A-11R-A41C-07	Tumor	0.255323872530325	1.40392110423787	1.61749487007297	1.10054870553445	1.69086254650505	0.396002942802893	6.13744694239258
TCGA-DD-AACU-01A-11R-A41C-07	Tumor	0.521778712291774	1.54079772856774	1.02076096468758	1.20781279650317	2.02837929317834	1.66168819075855	6.95210839190422
TCGA-DD-AADI-01A-11R-A41C-07	Tumor	1.19884438625079	1.99969493730417	2.23880181196258	1.62945584221636	0.984914071767488	3.27083780303035	14.7931110731025
TCGA-DD-AACA-02A-11R-A41C-07	Tumor	0.493538832797753	1.09839060862589	1.3602578779512	1.14735145233276	3.45253736283811	2.23368051013437	4.55104331531789
TCGA-CC-A8HU-01A-11R-A36F-07	Tumor	1.34638702428885	1.97774472505311	1.91251037716916	2.17776084275565	2.59671177853934	2.13814139153547	11.3886777974292
TCGA-DD-AAD6-01A-11R-A41C-07	Tumor	1.26640073325177	1.98429301615187	2.52501201456112	1.52849095952252	2.65501787049927	2.58878427382914	9.67874007406632
TCGA-G3-A25Z-01A-11R-A16W-07	Tumor	0.99083649647324	1.78654871355245	1.85828667143325	1.53596972196106	2.11501961265534	2.42963521437251	10.1158185887877
TCGA-5C-AAPD-01A-21R-A39D-07	Tumor	1.76479084029929	2.85976191739673	2.28985631491218	2.67074770894214	0.650774307625856	3.48529601866786	20.1615740470277
TCGA-DD-A4NS-01A-11R-A311-07	Tumor	0.55229472851671	0.944219173658501	0.839697698226846	1.63737528431956	4.30643654933295	4.37286796730437	7.01152958750785
TCGA-GJ-A9DB-01A-11R-A37K-07	Tumor	0.93212422004374	1.62513595764208	1.21237558139836	1.93907832645422	1.70306557821526	3.11779414503758	13.1721618739887
TCGA-XR-A8TE-01A-11R-A36F-07	Tumor	0.332190649702532	0.785168602583077	1.13664711236417	1.86224495230551	3.54498996502455	1.76424055739902	6.56546052171504
TCGA-DD-AAEA-01A-11R-A41C-07	Tumor	1.87971945263493	1.99074010903967	1.37151105235689	2.39102218104759	2.40495321528927	2.05831596209963	12.4157994139127
TCGA-DD-A4NL-01A-11R-A28V-07	Tumor	0.412669956421173	1.44169661984334	0.47212846351971	1.23452747577149	3.38262411985986	2.48183036200945	4.29682596776148
TCGA-4R-AA8I-01A-11R-A38B-07	Tumor	0.747250053867373	2.22700554587572	0.684586865053598	0.791714545732525	2.78959880121967	1.89370395741982	3.0429294722084
TCGA-YA-A8S7-01A-11R-A37K-07	Tumor	1.76824370284482	2.10184722654022	1.84510885519374	3.70842430798255	1.76826522590005	2.48290132637452	20.4341479422384
TCGA-G3-AAUZ-01A-11R-A38B-07	Tumor	1.40070126917562	1.88455381059007	1.7544234002816	0.925007447020776	2.77951441589747	3.05715609908418	6.83917330581571
TCGA-K7-A5RG-01A-11R-A28V-07	Tumor	0.517559441789072	1.650608716144	1.03912262022723	1.82540370960212	1.74456427676033	1.14711645912007	9.5043587547776
TCGA-DD-AACT-01A-11R-A41C-07	Tumor	0.980679243583736	1.61665909971808	1.94277301970378	2.6541254927412	3.6153664212948	2.24156566199101	11.0590374184391
TCGA-DD-A73F-01A-11R-A32O-07	Tumor	0.604987916765997	1.78436282650801	0.678176126611556	1.41242078809676	2.2916733430328	1.86202296604075	7.00351856724698
TCGA-FV-A4ZQ-01A-11R-A266-07	Tumor	1.19744569204861	1.9474071768091	1.48591674140741	1.54359439146678	1.68976925348152	1.61403689748618	9.74864777994073
TCGA-NI-A4U2-01A-11R-A28V-07	Tumor	0.64849573419339	1.2334773149155	0.518055521486516	1.1590245369654	1.78135978386739	2.30260815594172	7.9735742174001
TCGA-CC-A3MA-01A-11R-A213-07	Tumor	1.03949483302241	1.56321556976245	2.5887712929632	2.04683888342844	1.16942387898725	4.08791601306071	17.7077256983772
TCGA-DD-AADW-01A-11R-A39D-07	Tumor	0.867391629442793	1.60983813473117	1.50633116264224	2.81899418503536	2.06861042267782	2.63868658232715	15.5923021323387
TCGA-DD-A1EG-01A-11R-A213-07	Tumor	1.34541386597474	1.74678236023462	1.56185627425976	2.1325056393498	1.46073573868721	2.26060804285745	13.9398387555679
TCGA-CC-5259-01A-31R-A213-07	Tumor	1.91938947274403	1.86597828783119	1.89620077918328	2.07362769604429	1.24291072492586	4.38671854779899	17.6923837507288
TCGA-DD-AAD3-01A-11R-A41C-07	Tumor	0.47796186579388	1.28000800856173	1.07116563357661	1.65382250759	2.06961189666205	2.31790294528471	9.78967964225923
TCGA-BC-A8YO-01A-11R-A37K-07	Tumor	0.915112355674791	1.90887801885723	1.51699093786395	0.692956769227483	1.44705434639875	1.36536117082481	6.31926429468116
TCGA-CC-A8HV-01A-11R-A36F-07	Tumor	1.52173407203897	2.3941917622806	2.76445879341957	3.42493482326194	2.92829060779265	3.88691308638622	18.884764375674
TCGA-GJ-A6C0-01A-12R-A311-07	Tumor	1.15255177537312	2.06589267665692	1.51576369791749	3.15483552923452	1.72991469721324	2.20351288881866	17.158528390107
TCGA-DD-A73A-01A-12R-A32O-07	Tumor	0.775472833799413	1.80338050702261	1.44946366759388	1.96424581727545	3.22572771126374	2.18160658886114	8.3152138271812
TCGA-MI-A75G-01A-11R-A32O-07	Tumor	0.715355071065357	1.55620382862923	1.63943431969792	1.85756731065315	2.2829393776641	2.05831596209963	10.3126193308057
TCGA-G3-AAV2-01A-11R-A37K-07	Tumor	0.821490063801966	1.56130007773117	1.29875286637382	2.16058161856241	2.58491934574501	2.31688481941454	10.9161284333207
TCGA-DD-AAE1-01A-11R-A41C-07	Tumor	0.860141339680568	1.81368904790643	2.1453845461488	1.85756731065315	3.50037027238036	1.07910911332322	6.43681373164138
TCGA-CC-A3MB-01A-11R-A213-07	Tumor	1.47362034440539	1.59081032597636	1.88266037470882	2.17183346927602	2.48603121494736	0.813875185960636	10.1186077810343
TCGA-DD-A4NR-01A-11R-A311-07	Tumor	1.13892458716116	1.69388180357148	1.22188759822988	2.54482822780582	2.2496620860952	3.63397089590465	15.1647515504568
TCGA-DD-A3A4-01A-11R-A22L-07	Tumor	0.712313996749856	1.39244096488393	0.853553507711434	1.57426048367712	2.49004324716804	1.30461151328728	6.91007706561951
TCGA-DD-AACL-01A-11R-A41C-07	Tumor	1.44160652788396	2.65830323105421	2.10462931246571	2.2507021404519	0.952799375068352	4.65572384432331	18.9785080092916
TCGA-UB-A7MA-01A-11R-A33R-07	Tumor	1.43517537513836	3.87879160112446	4.32329870235686	2.2507021404519	1.74170403026627	4.49676008957654	18.3087025888694
TCGA-DD-AADU-01A-11R-A41C-07	Tumor	0.95370823356736	1.23236203924803	1.61269770893929	1.1590245369654	2.19899365652074	2.94499926433943	9.0780508410638
TCGA-CC-A9FU-01A-11R-A37K-07	Tumor	1.80434467839643	1.80619814116579	1.8702425886485	3.04233793720672	3.27685000923089	0.931787624158656	12.0525786850302
TCGA-KR-A7K2-01A-12R-A33R-07	Tumor	1.51892353031112	2.30997081137284	2.16552721367135	2.79100104621842	1.01052673700369	3.72213532397393	20.1585370679185
TCGA-CC-A8HS-01A-11R-A36F-07	Tumor	1.37203572127755	2.20047664649094	1.55341753907965	2.87553285996368	2.64277477953725	3.24769287434184	15.2377435988096
TCGA-DD-A3A3-01A-11R-A22L-07	Tumor	1.01942571764586	2.08259906713652	1.56756337585106	0.915436177074096	1.47756658044833	2.29452947124571	8.44379835944854
TCGA-DD-AACO-01A-11R-A41C-07	Tumor	1.43671197249103	1.06668677730081	1.02864714501119	0.0473066987850395	0.363176035396268	3.92748656345493	10.0340853463196
TCGA-RC-A6M4-01A-11R-A32O-07	Tumor	0.719609262582296	1.60258362548909	1.62169617094285	0.823146480939053	2.42324932526341	1.70837788421385	5.10171689458955
TCGA-UB-AA0U-01A-11R-A38B-07	Tumor	0.637530398609719	0.67861352113196	1.03281375091888	1.77106781569786	3.83398367705516	2.37212322522365	6.42977384829621
TCGA-G3-A5SM-01A-12R-A28V-07	Tumor	0.994336305753749	1.83365443054625	1.30349866123497	1.1874665130216	2.45791395245267	2.36292718075972	7.14243668453088
TCGA-DD-A39Z-01A-11R-A213-07	Tumor	1.78752613165417	2.05985636807566	1.63342180248643	1.72648928458562	1.92695798925327	2.48555658695203	11.5359237543667
TCGA-DD-A4NG-01A-11R-A27V-07	Tumor	0.399607111468388	0.472814669298709	1.50716212630494	1.40229597218452	2.28014472989577	1.44293197528531	7.89137507561674
TCGA-CC-A7IF-01A-11R-A33J-07	Tumor	0.975086594767967	1.6740370171034	1.34092890666279	1.46367113474265	2.74988416859407	2.46806287088673	7.84851095512422
TCGA-DD-AACQ-01A-11R-A41C-07	Tumor	1.20014055709162	2.08781136306811	1.66146709444724	0.558755889720414	1.24640582724128	2.60103724553201	8.11972128207457
TCGA-ED-A8O5-01A-11R-A36F-07	Tumor	0.364755972836186	1.45319026724439	1.04848810833292	2.08910851271967	3.50555374427767	2.12416377051974	7.64400056431828
TCGA-BC-A69H-01A-11R-A311-07	Tumor	2.11761581781039	2.80363141146213	2.35431640632556	2.45150059206452	0.624115694599522	3.45746137182946	19.569099483641
TCGA-DD-AAEE-01A-11R-A41C-07	Tumor	1.11400559488598	1.94090729602007	1.7458755322438	1.04857134341512	2.53321960578559	1.93127923381007	6.23594620603303
TCGA-ED-A7PY-01A-11R-A33R-07	Tumor	0.712626440662587	1.80338050702261	1.70984295474222	1.46702937325064	1.42689417508249	2.46970312565504	11.2507037281508
TCGA-DD-AADL-01A-11R-A41C-07	Tumor	0.817094328067924	1.78581018190104	1.32147527358226	1.3923809119551	1.99915288330579	0.978542530505291	7.20510431541805
TCGA-G3-AAV3-01A-11R-A37K-07	Tumor	1.01422960309615	1.54449152797319	1.33651875689703	1.26153910102437	2.15350080046767	3.16770329398095	9.50092040819553
TCGA-CC-A7IL-01A-11R-A33R-07	Tumor	0.780650467184505	1.11142671196696	1.24148617128637	0.804946479600721	2.10677768370826	0.944846229091501	4.71733421692078
TCGA-CC-A7II-01A-11R-A33J-07	Tumor	4.64760732959667	3.5887367011808	3.25649454664529	1.98376046791616	0.973815804921428	6.38509936978229	22.6020977574118
TCGA-WX-AA44-01A-11R-A39D-07	Tumor	1.21154359208067	1.75664297059262	1.60345922557418	2.63018864063836	1.98118940071467	4.1313039857733	17.2380565028772
TCGA-G3-A25Y-01A-11R-A16W-07	Tumor	1.09905472567262	1.55678549701899	1.95198667124203	2.04127751896637	1.05426404786181	2.80277876474682	15.6400179461007
TCGA-G3-A3CH-01A-11R-A22L-07	Tumor	0.597224083675841	1.68747039782746	1.42135955731088	0.480134166727423	2.94343156611272	2.17991532878373	2.69844608330362
TCGA-G3-A5SL-01A-11R-A27V-07	Tumor	0.931327805404938	1.28772124733332	0.998172602954863	0.729136490897122	1.76861879671783	2.25275189671549	6.73768368193868
TCGA-DD-AAEG-01A-11R-A39D-07	Tumor	1.14885632771055	2.13901913096651	1.97825402918144	1.41943531946128	2.10134198653363	2.33185269237322	9.53217282388122
TCGA-BC-A5W4-01A-11R-A28V-07	Tumor	0.929002237905576	2.55514393462992	1.99819367938469	2.59925914599982	1.80859078408707	1.13853091870358	13.2527770155854
TCGA-5C-A9VH-01A-11R-A37K-07	Tumor	1.07460164514291	1.61922490638751	1.75530824175113	2.48040980309963	1.67715605458911	3.72550784106432	16.9577839629119
TCGA-FV-A496-01A-11R-A266-07	Tumor	0.818836265500054	2.50197862541271	1.81251466614395	1.58226625943357	2.27515067097589	1.6648181442803	8.32184813089689
TCGA-5R-AA1D-01A-11R-A38B-07	Tumor	0.718118149163189	1.16344863192057	0.65742008272031	2.02552159198419	2.65821894621106	3.48052003413524	11.2751828565893
TCGA-FV-A4ZP-01A-12R-A266-07	Tumor	2.78770598994875	3.08202359019061	2.14170278687293	2.28164450271262	0.231050451287352	4.42948251734544	21.1484041566606
TCGA-QA-A7B7-01A-11R-A32O-07	Tumor	0.689064672645786	2.35735257401026	1.58331894501633	2.1325056393498	1.71447839312563	1.28722975215624	11.2856683040699
TCGA-ED-A4XI-01A-11R-A266-07	Tumor	0.484346737857202	1.15452443977638	0.702773813122895	1.12789794996037	3.7670791983268	2.3143371873043	3.11609448892169
TCGA-MR-A520-01A-11R-A266-07	Tumor	0.687828057353445	1.41216695485221	0.130462132174089	1.27722859929839	3.12900422749499	1.30394216846662	3.34831040273128
TCGA-G3-A5SK-01A-11R-A27V-07	Tumor	0.323978833585287	1.00273893348734	0.385695880588027	1.2467773100184	4.70095011455758	0.53698024295965	-1.39467593480904
TCGA-WQ-AB4B-01A-11R-A41C-07	Tumor	1.24627345039085	1.87678831070343	1.73607026727464	2.00439659891791	0.854870371552061	3.46805622185126	16.5572636854248
TCGA-DD-AAW1-01A-11R-A41C-07	Tumor	0.652453425615335	1.22297864583484	0.99963093517231	1.04104769590437	2.83149491311269	1.59892044036912	4.43446908118116
TCGA-DD-AAVV-01A-11R-A41C-07	Tumor	1.47677820152013	1.44236856538413	1.09336610159414	1.63737528431956	1.87904966152551	3.48340103321522	12.2700442113198
TCGA-DD-AACX-01A-11R-A41C-07	Tumor	0.84608121175261	1.59355348847751	1.81994537970543	2.74712511064883	2.13869322755368	0.410892749773002	12.4188677788567
TCGA-2Y-A9H9-01A-21R-A39D-07	Tumor	0.645418233835875	1.67503357566153	1.36681759569368	0.998951286162389	1.92156978097233	2.5761931820347	7.90645924652788
TCGA-DD-AADJ-01A-11R-A41C-07	Tumor	0.813651378838356	2.01033070272002	1.73248027563404	1.8528742269923	2.1902765351948	1.80161159073269	10.0581454656882
TCGA-EP-A2KA-01A-11R-A180-07	Tumor	1.28171637999598	1.20363088110406	2.11867998794313	2.97833521868038	2.35319977106818	1.37577313508431	14.944440426404
TCGA-ZS-A9CF-02A-11R-A38B-07	Tumor	0.481147736399203	0.650905573665985	0.529052366434696	1.72226498415248	2.59181597573185	1.50359982555113	7.52836453077793
TCGA-G3-A5SJ-01A-11R-A27V-07	Tumor	1.06984580903321	1.9224483633201	2.04626948887536	2.8004686476089	0.415689045615235	2.23462748523545	19.4980578351645
TCGA-DD-AADR-01A-11R-A41C-07	Tumor	0.751491314271122	1.83742708702248	1.99915766356428	0.764676408933535	2.22158758962923	2.1623065680563	6.21900234391746
TCGA-ED-A7XO-01A-11R-A352-07	Tumor	0.922233404441884	2.29993777678969	1.52315887545885	1.87589836957517	3.96423866914495	2.82189592224633	6.86277167216621
TCGA-LG-A6GG-01A-11R-A311-07	Tumor	0.259255440729697	1.25266887136065	0.945842613371461	1.57426048367712	2.65462372887503	1.59892044036912	6.81253335240877
TCGA-DD-A4NA-01A-11R-A266-07	Tumor	1.18147730124551	1.22852951139868	0.457898748222309	2.33185622741421	0.0424792161127049	2.29027012894283	17.4144521574984
TCGA-T1-A6J8-01A-11R-A32O-07	Tumor	0.741082549141146	2.05985636807566	1.10934221229246	0.70777617609802	2.52034028018358	1.75760571731791	3.68216768180273
TCGA-WX-AA47-01A-11R-A39D-07	Tumor	1.07983514978425	2.1052903600537	1.30809964662894	2.41799974561543	1.27072348202867	2.54049824221991	15.3698868670123
TCGA-ED-A97K-01A-21R-A38B-07	Tumor	0.878187395671926	0	0.768201943310712	2.21314390767861	3.42255908291802	3.84105609894823	11.5566696532694
TCGA-DD-AADO-01A-11R-A41C-07	Tumor	1.77498831851797	2.16508795288481	2.01359863090447	1.80268601296928	0.563280769229858	2.96711414055017	16.1629163233443
TCGA-DD-A73G-01A-22R-A32O-07	Tumor	2.42075625207327	2.77734198116896	1.7602250769216	2.35240928116757	0.953119145516609	3.39747779774109	17.8665247277464
TCGA-CC-A8HT-01A-11R-A36F-07	Tumor	1.53987492022303	2.40053023986816	2.30037367274919	3.33758068716984	0.877020775501905	1.68807199272009	20.1334173618819
TCGA-FV-A2QR-01A-11R-A213-07	Tumor	0.812730918500167	1.68465309633178	1.24593857852811	1.82540370960212	2.56337311533227	2.28550831447867	9.38710501010148
TCGA-ZP-A9D2-01A-11R-A38B-07	Tumor	1.11056569307832	2.09742537082816	1.70064117103077	2.41092059117413	1.19048143199869	1.76424055739902	14.9008637224814
TCGA-CC-A7IH-01A-11R-A33J-07	Tumor	0.724494101446351	1.28938540097828	1.17116003166137	0.95418525260544	3.94713742833962	2.12416377051974	2.21159656154583
TCGA-CC-A9FV-01A-11R-A37K-07	Tumor	1.30053304070566	1.41044265424393	0.764885868360292	4.52496707696893	0.200865012640971	6.56777202562439	32.2926643054601
TCGA-5C-A9VG-01A-11R-A37K-07	Tumor	1.0883137792364	1.97846329299598	1.1477140671456	1.8528742269923	2.83326557522498	3.48052003413524	10.3443551119856
TCGA-2Y-A9H1-01A-11R-A38B-07	Tumor	1.3602570539972	2.12052409672886	1.9698037580879	1.33387975893474	0.554526007841493	2.77188309508844	13.6898391924364
TCGA-ED-A66X-01A-11R-A311-07	Tumor	1.06377855865373	1.95637424047276	2.03794723786233	2.18358994050376	2.19167723440444	3.78043624874537	14.5966361449181
TCGA-UB-A7MD-01A-12R-A352-07	Tumor	0.809093611102705	2.03844795817407	1.39438598614352	2.86662881890182	1.14565549755585	2.42794823024301	17.3794374823854
TCGA-DD-AACH-01A-11R-A41C-07	Tumor	1.44828426260137	1.46157131802213	1.87892994294332	2.16646521971319	1.24477850478741	5.9940618411408	20.1926309841697
TCGA-EP-A26S-01A-11R-A16W-07	Tumor	0.542808491402206	1.68674608450312	1.25293639038147	0.802760418225725	1.8422154182886	1.30357592299376	5.37887470899975
TCGA-DD-AADG-01A-11R-A41C-07	Tumor	0.629921990763434	1.53118668731064	1.56674651932559	1.26153910102437	2.24448179811293	2.12416377051974	7.88125496904558
TCGA-DD-A4NO-01A-11R-A28V-07	Tumor	0.756707412958963	1.55484410185507	1.57582058444018	1.22245651527118	2.4835143082422	1.71979114609295	6.65307993147685
TCGA-2Y-A9H6-01A-11R-A39D-07	Tumor	1.04939714614943	1.50181960913244	0.919542075462459	1.98867002558334	2.931481668937	2.91496914987693	9.94077805548926
TCGA-DD-AACF-01A-11R-A41C-07	Tumor	0.46724444594937	1.49272689219614	1.70325264759711	1.06229351265296	1.60554638411586	1.99991933862113	8.50726350308716
TCGA-2Y-A9H2-01A-12R-A38B-07	Tumor	0.971339567319743	0.601200527525323	1.5257393713639	1.67003707573554	0.551125295792948	2.22365372854493	14.5933585497429
TCGA-DD-AAE3-01A-11R-A41C-07	Tumor	0.629007767432111	1.53374815480539	1.88940922734254	1.11958282627453	1.8054617287672	3.32704291332479	10.303259613685
TCGA-MI-A75I-01A-11R-A32O-07	Tumor	0.963462648298878	1.73472429569389	1.391611550465	1.75276039680462	1.38279754145924	1.86864348071125	11.6206002993824
TCGA-DD-AADN-01A-11R-A41C-07	Tumor	2.24028365213017	2.74497673637157	2.29336466763023	2.88477227071991	0.29932982814744	2.27061292305051	20.6327926027272
TCGA-DD-AAE2-01A-11R-A41C-07	Tumor	0.670712810850601	2.00302744866141	1.28809863884041	1.66562765319689	2.60915560907295	1.44222649196338	7.23750867517447
TCGA-DD-AAVP-01A-11R-A41C-07	Tumor	1.54716619714153	1.91611591889867	1.48449224462439	2.16646521971319	1.87682301847819	3.15971198000552	14.2164085148676
TCGA-DD-A1EK-01A-11R-A213-07	Tumor	0.855202000438414	1.64924917244881	1.04191709063104	2.72976431085966	1.2848500738952	1.79673821747088	15.5147810442349
TCGA-G3-A3CK-01A-11R-A213-07	Tumor	0.684471043268803	1.47129195775911	0.938539295434548	0.631084705042788	2.09936590975332	1.56122698726931	4.26969418604692
TCGA-DD-AAVU-01A-11R-A41C-07	Tumor	1.35818943822111	2.46571017735451	2.00673124997406	1.3923809119551	1.46104305355674	2.29105973725147	10.8948359668426
TCGA-HP-A5N0-01A-11R-A28V-07	Tumor	0.551087336554647	1.42892219707338	0.939555063269439	1.83915452457711	2.18404854604168	3.67396821339474	11.9438505844466
TCGA-XR-A8TD-01A-12R-A39D-07	Tumor	0.446778862291598	1.53827571864761	1.31609730234416	1.94901330893469	2.36260513165903	3.60459979865402	12.1224863871282
TCGA-CC-A5UD-01A-11R-A28V-07	Tumor	1.44897574377628	1.73256328871407	1.71214337714325	2.56031293129013	1.09785072275768	2.43602072596033	17.0849707341854
TCGA-DD-A4NH-01A-11R-A27V-07	Tumor	1.27662582393099	1.3864667571843	1.73337606543188	2.72132812524	1.47575870822661	3.39747779774109	18.2549232772502
TCGA-DD-AADC-01A-11R-A41C-07	Tumor	1.2418600670994	3.14217482417259	3.57335327855985	1.04104769590437	2.87564927539703	2.65041342397688	7.51774679844933
TCGA-ZS-A9CD-01A-11R-A37K-07	Tumor	1.15937865354905	1.63641728049133	1.57043863124084	2.12163605580533	1.86498567734725	2.9536357448642	13.8015161991213
TCGA-FV-A2QQ-01A-11R-A22L-07	Tumor	1.30702656791511	2.22901401128007	1.87269606813883	1.95379719651408	1.48669907218558	2.07702722938124	12.880509365995
TCGA-DD-AADK-01A-11R-A41C-07	Tumor	1.33723478525873	1.723330762209	1.6579449096295	1.44260448295718	2.24378417482591	3.32103782583591	10.6500000516557
TCGA-DD-AAE6-01A-11R-A41C-07	Tumor	1.24561382436927	1.78075550877222	1.98120569247206	2.50174481659706	2.12001592323733	1.37133060818751	13.0117182066913
TCGA-DD-AAE7-01A-11R-A41C-07	Tumor	1.7871557655683	1.69103025912298	1.10271598918915	0.867554116711502	3.66794771660253	3.04083404564221	4.08608471608671
TCGA-DD-A73E-01A-12R-A32O-07	Tumor	0.370479872432854	1.44673780090813	0.952326822705396	2.00439659891791	2.73663577960614	1.87321103320006	8.74880379364341
TCGA-DD-A3A2-01A-11R-A213-07	Tumor	0.529129778853018	1.35059024739201	0.830824071596657	1.22554796785257	4.57474967272927	1.33129080886839	0.255308293024549
TCGA-EP-A2KC-01A-11R-A213-07	Tumor	0.656742781822019	1.78581018190104	1.7872449259338	1.82065078346262	2.43971947232377	2.39898700172074	10.210393359312
TCGA-K7-A5RF-01A-11R-A28V-07	Tumor	0.226198118805311	1.30013142358658	0.35208617250655	1.12494543683977	4.75367033293864	2.83827434791841	0.805469095607438
TCGA-G3-AAV6-01A-21R-A37K-07	Tumor	1.12843482195283	2.32621388243277	1.5614182932112	2.6541254927412	2.55491799365421	3.83152394710127	15.1027010766648
TCGA-ZS-A9CF-01A-11R-A38B-07	Tumor	0.510411643836344	0.776353903557097	0.324911622688003	2.31308559463967	3.25478350715584	1.65359705464228	8.33001194364051
TCGA-DD-AAED-01A-12R-A41C-07	Tumor	0.973237614874195	1.58816824523879	2.21615034484358	1.84825004697208	1.59083258004289	3.73787807131436	14.9426777443897
TCGA-DD-A4NK-01A-11R-A28V-07	Tumor	0.549090387630972	1.19022837178319	0.906449659775743	1.0094803539501	2.56027183006862	1.87656454901286	5.2090195062415
TCGA-G3-A5SI-01A-31R-A27V-07	Tumor	0.640261827546673	1.80991928523901	1.67194712927133	1.75276039680462	2.4575755334689	1.82951542411636	8.9743986457479
TCGA-MI-A75C-01A-11R-A32O-07	Tumor	1.52634421300972	1.74678236023462	2.10462931246571	1.47771596365285	1.47698941393728	2.20978799031603	11.719721899808
TCGA-DD-AACC-01A-11R-A41C-07	Tumor	1.12618008748323	1.80699673111684	1.38731888041997	1.40561273957275	3.01368864390623	2.58298009224829	7.16785181407343
TCGA-MR-A8JO-01A-12R-A36F-07	Tumor	0.867071625659782	1.34548482620599	1.10415909265285	2.78177374163957	1.86017128658269	5.34664316733085	19.3581470620121
TCGA-ED-A7XP-01A-11R-A352-07	Tumor	0.754548457819877	1.70975822266018	1.35715079287496	1.42270202052232	2.71402891932762	2.39796948864089	7.53643328406173
TCGA-2Y-A9GY-01A-11R-A38B-07	Tumor	1.56182868896712	1.64386171722411	1.55773232426042	2.00982774526251	1.7535048469293	2.15179157539534	12.7399457935698
TCGA-DD-AAE0-01A-11R-A41C-07	Tumor	1.63325981830999	2.48278389890608	2.79507758852275	2.9571440501169	1.30020308898605	4.07067435132256	21.2060605330945
TCGA-DD-A4NN-01A-11R-A28V-07	Tumor	1.42649044307416	2.08781136306811	2.04838425726894	2.93558007293614	2.14279793054136	2.33538754986908	16.074665067777
TCGA-DD-AACA-02B-11R-A41C-07	Tumor	1.07983514978425	1.93531344912468	2.09885529689707	1.48851870682857	2.66470458843868	2.41775232058671	8.75369296931842
TCGA-DD-AACA-01A-11R-A41C-07	Tumor	0.2676693042531	1.04971850911486	1.54291911991282	1.72226498415248	2.99883373330669	2.07517924508368	7.94783009338691
TCGA-ZP-A9D1-01A-11R-A38B-07	Tumor	0.656441653891499	1.55549963658004	1.69931347024936	1.77106781569786	1.39531273155739	2.93869426212225	13.3419783021292
TCGA-CC-A9FW-01A-11R-A37K-07	Tumor	0.780373384858592	1.58093132285207	1.78126096297881	1.35954203301319	2.83652765020168	1.06370955796825	5.67957460189121
TCGA-G3-AAV5-01A-11R-A37K-07	Tumor	1.0783864083377	2.05466171941395	2.17483253059017	1.80686985038643	2.6368214664226	1.93001597658458	9.50793112966404
TCGA-DD-AAVS-01A-11R-A41C-07	Tumor	0.588718194728624	1.62249931403584	1.63298216916838	1.19328165584897	2.38094148769583	2.64918700139043	7.95595658277136
TCGA-2Y-A9GZ-01A-11R-A39D-07	Tumor	0.511472775691775	1.67503357566153	1.03071847217628	0.44734724602741	2.4697916516656	1.14180253370017	1.89267785286081
TCGA-BD-A2L6-01A-11R-A213-07	Tumor	1.31006185623646	1.86829252770597	1.49060771348448	2.25679647473003	1.16356603893597	2.58080322582455	15.4624717717915
TCGA-DD-A1ED-01A-11R-A155-07	Tumor	0.437571704843106	0.744445568217619	0.347457706869175	0.269186146231274	2.76259227097348	1.8335903723816	1.18128567788648
TCGA-O8-A75V-01A-11R-A32O-07	Tumor	1.26640073325177	1.79093875374827	1.65574494440937	1.78439524996009	2.35032215246419	2.843583336333	11.0990208166582
TCGA-2Y-A9H4-01A-11R-A38B-07	Tumor	1.4307144786067	2.18847886840234	2.19459982760002	1.72226498415248	1.2560635273366	2.11809448548096	12.9428238392187
TCGA-G3-AAV7-01A-11R-A38B-07	Tumor	2.21572101362367	3.01117858673814	2.75704604920276	2.56768154011225	1.15888717525382	2.50622954954033	17.795821884025
TCGA-DD-A39W-01A-11R-A213-07	Tumor	0.547133266898387	0.888026271902538	0.764885868360292	0.986491518253907	3.23197590116351	0.50811030852895	1.65100507349171
TCGA-ZS-A9CE-01A-11R-A37K-07	Tumor	0.628701534027469	1.81294530372883	1.66014336134969	1.75276039680462	2.19437727450895	1.1699707790941	8.71030798087296
TCGA-ZP-A9CV-01A-11R-A38B-07	Tumor	1.2877935308372	0.399988522267241	0.429089813539284	2.23178763841531	2.08986035180821	1.25244110072534	11.0825364582864
TCGA-DD-AACW-01A-11R-A41C-07	Tumor	1.24288875189496	1.81516699782864	1.8023239164581	1.41943531946128	2.94925928897413	1.72261242443304	6.69735202757881
TCGA-FV-A3R2-01A-11R-A22L-07	Tumor	0.924810345351175	1.93415544654121	1.09444360387281	1.34335991777346	2.68410465490038	0.819150436138958	4.85294439465771
TCGA-DD-AAVX-01A-11R-A41C-07	Tumor	0.246859238137046	1.4669781674561	1.25370027832694	0.991424446504122	2.10862076148353	1.91823586620153	6.30487352409966
TCGA-EP-A3JL-01A-11R-A213-07	Tumor	1.28003923609591	2.06410130403939	1.66363729760451	2.04127751896637	1.93363336598264	3.02985630196369	13.3105718088419
TCGA-G3-A7M9-01A-23R-A352-07	Tumor	0.885968774651412	2.93858156190074	2.07618679083303	2.86662881890182	1.64364634444474	3.45075842358799	17.7317533265176
TCGA-DD-AACS-01A-11R-A41C-07	Tumor	0.695124890698318	1.68535871194046	1.41584308633986	0.996475417328304	2.59596855218427	0.853105663381555	3.98588961522393
TCGA-DD-AADF-01A-11R-A41C-07	Tumor	1.71271221768345	2.89032634669407	2.17753445984034	1.71407454403678	1.30630247103437	2.40324253976901	12.9072327456151
TCGA-BC-A3KG-01A-11R-A213-07	Tumor	0.606806954307729	0.961119458576469	0.525230812223713	2.91538300169609	0.369908264088738	2.43019354315384	19.1426168504649
TCGA-DD-AACE-01A-11R-A41C-07	Tumor	0.642419983297084	1.46817055287647	0.914483597559201	1.9992221822855	2.54905581263205	2.12177837100911	9.63140387864188
TCGA-DD-AACB-01A-11R-A41C-07	Tumor	1.27165832939277	1.90887801885723	1.5047331643463	1.85756731065315	1.56250080790785	2.48828904943836	12.6463767544479
TCGA-DD-AACY-01A-11R-A41C-07	Tumor	0.578223424503259	1.62249931403584	1.33062638742196	1.97387159674983	1.83586309902286	2.10640561753223	11.5401022644076
TCGA-DD-A3A9-01A-11R-A266-07	Tumor	1.82873883797959	2.18168918126019	2.12450858462585	2.92554493454058	2.51961740297633	3.61703897282275	17.0917452000183
TCGA-BC-A69I-01A-11R-A311-07	Tumor	1.09666422721093	1.65470878052086	1.29528723877896	1.21959488140956	2.03401461828072	3.1115381141418	9.4848147595713
TCGA-DD-AADA-01A-11R-A41C-07	Tumor	1.06810828967154	1.49868008411107	1.36371335970145	1.75276039680462	3.0838343524711	3.40844658184881	9.69306941251774
TCGA-BC-A217-01A-11R-A155-07	Tumor	0.607264906697335	1.99646672330267	2.13257414215871	1.62578810388579	0.634455321098385	2.50069976048504	14.1510695040353
TCGA-CC-A3MC-01A-11R-A22L-07	Tumor	1.58698030130768	1.650608716144	1.25925650725191	1.64964112448695	1.94006942440074	2.87143642433853	11.4527586810757
TCGA-RC-A7S9-01A-11R-A33R-07	Tumor	1.45413071826815	2.22324802524641	1.60718052082107	2.72132812524	2.7374855708483	3.97477118654335	15.4255239863342
TCGA-CC-A7IK-01A-12R-A33R-07	Tumor	0.268583801003207	1.54079772856774	1.21462244243627	1.55116178404247	2.07356430081979	0.738224846780619	7.08396634944057
TCGA-5R-AAAM-01A-12R-A41C-07	Tumor	0.61564652381244	1.40509025143568	1.26018347690292	1.40901762446627	4.16775582434389	2.94290684665146	4.64571219788555
TCGA-DD-AACP-01A-11R-A41C-07	Tumor	1.49324736847713	1.25477599392074	1.85027480530541	2.71253850823642	2.05914000745746	2.30260815594172	15.6265326577446
TCGA-MI-A75E-01A-11R-A32O-07	Tumor	1.25256455922733	1.53442853367621	1.53669726049404	1.58630828829966	3.14444614328665	2.43495263470684	7.78793570438268
TCGA-DD-A39X-01A-11R-A213-07	Tumor	1.32852125877381	3.13869913801706	1.4710191109013	3.09575341011902	1.22292922850613	2.93456347781699	18.5731575241583
TCGA-DD-A4NJ-01A-11R-A27V-07	Tumor	0.815537265110993	0.781629483371496	1.04261019706363	1.24376840172185	1.95863524322721	2.25519974060008	8.71167318503381
TCGA-WQ-A9G7-01A-11R-A37K-07	Tumor	1.68978689132449	2.05818011928572	2.21023312222178	3.86495254703137	1.89448289960034	4.19973883731156	23.4415725106637
TCGA-DD-AA3A-01A-11R-A37K-07	Tumor	1.07918110935612	1.39543126995164	2.37988781517554	2.70469634666522	0.403839847756169	3.49499079623114	21.4691130210716
TCGA-ED-A66Y-01A-11R-A311-07	Tumor	1.27679925214648	1.94907632144029	2.35675842793966	3.93154847555326	3.91221264692172	3.15326011373904	17.3232799354933
TCGA-DD-AAD0-01A-11R-A41C-07	Tumor	0.867391629442793	1.53827571864761	1.42875132866478	1.75721859487328	2.45315513580301	1.34198470834896	8.39585885536687
TCGA-G3-A25S-01A-11R-A16W-07	Tumor	1.78488696693922	2.11963040011333	1.83586842096976	1.78439524996009	1.25909970104343	1.90124408727605	12.7949793076896
TCGA-2Y-A9H8-01A-11R-A39D-07	Tumor	0.940830573703117	1.86296064543437	1.37268099333922	1.96424581727545	1.83555837584574	2.24345526402077	11.7976378326357
TCGA-BD-A3ER-01A-11R-A213-07	Tumor	1.09585974994505	1.52223486463015	1.34937614241256	2.01494433155622	2.52188460882411	2.37736004189596	10.7725055476584
TCGA-CC-A7IJ-01A-11R-A33R-07	Tumor	1.72067734533098	2.30896051983448	1.99768393585372	2.2192938169121	0	1.09444257850549	16.6398159364311
TCGA-DD-A4NF-01A-11R-A27V-07	Tumor	0.680211902857107	0.775913812816546	0.637511200795977	1.40561273957275	2.69705005547682	1.13323252839402	5.58823675096429
TCGA-UB-A7ME-01A-11R-A33J-07	Tumor	0.57295480918269	1.57766508470438	1.32908366809654	1.47416035892526	2.14215123945894	2.25225638201967	8.90413280773723
TCGA-UB-AA0V-01A-11R-A38B-07	Tumor	0.31399106792207	0.794527044192899	0.831505365870902	1.0094803539501	5.09991787584994	2.91843273124847	0.399081435086511
TCGA-BC-A216-01A-11R-A155-07	Tumor	0.58812727670673	1.76928048589607	1.18779693963863	2.4378213336582	1.96185166237506	2.55771525380081	13.5702558064098
TCGA-G3-AAV1-01A-11R-A38B-07	Tumor	0.298033294599643	1.26611150221201	1.27318743052618	1.08668925101049	2.97226602036145	1.85300899462861	4.66333355374793
TCGA-LG-A9QD-01A-11R-A38B-07	Tumor	1.53987492022303	1.73472429569389	1.20267117819612	1.33691424531276	2.21327703668108	2.80678048073801	9.24635784863798
TCGA-EP-A2KB-01A-11R-A180-07	Tumor	0.778540173500764	1.98995735252215	1.70019405200093	1.76182158385082	3.60329402098678	2.38371535804234	6.95053704610373
TCGA-DD-AAVR-01A-11R-A41C-07	Tumor	1.00151301088405	1.56193846265116	1.34592350651065	0.778074044459828	1.58548013841404	3.18470797453711	8.87641003750467
TCGA-DD-AAEK-01A-11R-A41C-07	Tumor	0.937638473570334	0.893169982980631	1.06919617416627	1.51750763241204	2.73234973364817	2.3287797484417	8.09503726887082
TCGA-UB-A7MC-01A-11R-A33R-07	Tumor	0.662219901177377	1.7340177787862	1.94911843488121	1.23158527547898	2.62253353507316	1.72891579848076	6.57269187934495
TCGA-CC-A9FS-01A-11R-A37K-07	Tumor	1.07336322843115	1.74176827120815	2.22468554071054	0.903274806625443	4.03428361288623	1.63544319124652	2.10658359229178
TCGA-UB-A7MB-01A-11R-A33R-07	Tumor	1.31756067987643	2.01284576289412	1.65707793631277	1.79343442361803	1.52132797654756	0.674708388627562	10.1468408257352
TCGA-DD-A73C-01A-12R-A33J-07	Tumor	0.501075403889547	1.11246526948416	0.221440757686276	1.43928693712161	3.02203409863208	1.56309304258987	4.79900586608859
TCGA-DD-A4NI-01A-11R-A27V-07	Tumor	0.417091546601896	1.10511794888368	0.746861952440456	0.293520281117813	3.47271015550533	1.81020986948605	-0.318388622729583
TCGA-DD-AAW0-01A-11R-A41C-07	Tumor	0.708160439534115	1.4222909417547	1.45503259347287	1.34335991777346	3.19433593539477	1.81348332698718	5.47222275424539
TCGA-XR-A8TC-01A-11R-A36F-07	Tumor	0.54158041983353	1.23837727181918	1.41387882302861	1.40229597218452	3.0165291645173	1.49623722716488	5.69825431990955
TCGA-DD-AADP-01A-11R-A39D-07	Tumor	0.420373521786386	1.74962589524921	1.58565647495416	0.922681649911698	2.8041944069089	2.5422567063681	5.41477854895036
TCGA-DD-A3A5-01A-11R-A22L-07	Tumor	0.749692490496869	2.08259906713652	1.08213157312634	1.28018316404694	2.45030290926039	2.85683814559612	7.71069512828968
TCGA-BW-A5NP-01A-11R-A27V-07	Tumor	0.499880034679997	1.87442766877545	1.93269017247953	2.24442252315117	3.18890094703532	2.15706210722246	9.82814233488087
TCGA-BW-A5NO-01A-11R-A27V-07	Tumor	0.564518595661394	2.16683767621694	1.93645251730002	1.50215469080936	1.08618225735517	2.22936542886652	11.8367928748082
TCGA-FV-A3I0-01A-11R-A22L-07	Tumor	1.54863328130441	1.82693954362817	2.37014130152575	2.78177374163957	0.225883693307498	3.28449673579093	21.9578563147216
TCGA-2Y-A9HB-01A-11R-A39D-07	Tumor	0.64573419660065	1.41324983787905	0.963797295527236	1.51351493572083	2.36260513165903	2.28454900865551	8.34838886176248
TCGA-G3-A25U-01A-11R-A16W-07	Tumor	0.983544579742628	1.58950607739005	1.70641247420008	1.20486415830915	1.51486609458536	0.973207929355166	8.19112390729816
TCGA-KR-A7K0-01A-12R-A33R-07	Tumor	0.642267868858018	1.34060486621964	1.11041009454205	1.95925495434147	2.52912899190009	3.04828597296467	11.0312364795025
TCGA-DD-AAC9-01A-11R-A41C-07	Tumor	0.99751161382871	1.65880956153677	1.19316637084443	1.13896445299017	2.64553485407827	3.78873905921377	8.39672256765488
TCGA-PD-A5DF-01A-11R-A27V-07	Tumor	0.858936847721551	1.777897905792	1.1028917691023	1.58630828829966	1.12927679638551	3.00379835258385	12.7028244070861
TCGA-BC-4072-01B-11R-A155-07	Tumor	0.963742089148221	1.16446862167064	0.932410593809245	2.33841493821445	2.23776639741434	2.20978799031603	12.3237227021271
TCGA-DD-AAD8-01A-11R-A41C-07	Tumor	1.16878356359875	1.48518141563454	1.38928749591987	1.82540370960212	0.845235546310206	3.44132153032083	15.6317768425118
TCGA-RC-A6M5-01A-11R-A32O-07	Tumor	0.759799089600463	1.36109735218109	0.843328417032214	2.85699905510101	1.99977682418395	2.70432205764683	15.4354893329182
TCGA-DD-A3A1-01A-11R-A213-07	Tumor	1.16226818690401	1.62970767313929	1.60927302189438	1.98376046791616	1.87201452666978	1.31580499141321	11.0377130628136
TCGA-CC-A7IG-01A-11R-A33J-07	Tumor	1.81427656843443	2.36677371998978	2.14975856542856	3.26879756807065	0.911978572268883	3.27345231960735	21.9281789706723
TCGA-2Y-A9H3-01A-11R-A38B-07	Tumor	1.79653214580982	2.65320759627985	1.9378375261874	1.88100765450516	1.07452780989516	3.92613571692442	16.1838529964033
TCGA-DD-AAEH-01A-11R-A41C-07	Tumor	0.706421083424418	1.35175321496552	1.21389892027425	0.925007447020776	3.00815317967069	2.63418993469281	5.07831354555123
TCGA-DD-AACJ-01A-11R-A41C-07	Tumor	1.18929621119666	2.16324068468957	1.7921817804223	1.76182158385082	1.86561790058383	1.31115492610755	9.99882757407169
TCGA-DD-A4NE-01A-11R-A27V-07	Tumor	0.613905016425708	1.42290999441254	0.958285587781878	1.87118221667039	2.20531534413839	2.18427982240741	10.0743822606556
TCGA-DD-A1EC-01A-21R-A131-07	Tumor	1.1437584035859	1.08551310042843	1.15134160043796	2.11654537531346	1.17001454014249	1.813058773001	13.8445348670835
TCGA-CC-A7IE-01A-21R-A38B-07	Tumor	0.948459646264833	1.43926921073242	1.48408925688174	3.32392322506506	2.47316336359109	3.07891818375034	17.4421251292699
TCGA-BC-A10X-01A-11R-A131-07	Tumor	0.210398726321411	0.828685765883462	0.58046803332999	1.09493799365026	5.22893082213044	2.44626874377387	-0.524452504479362
TCGA-CC-5260-01A-01R-A131-07	Tumor	1.01550392973173	0.909904489078883	1.96573744779258	2.60662961994631	0.0686706560167891	2.93175729627809	20.9554659378035
TCGA-DD-A11B-01A-11R-A131-07	Tumor	0.370060081382418	1.33459500372832	0.913157828409947	0.951764800432733	3.57068926652482	0.763170432390546	0.800506266987254
TCGA-CC-5261-01A-01R-A131-07	Tumor	1.2727090674772	1.23402890778246	1.46313435535874	2.84754885664705	2.3108648912004	2.53091262430027	15.384702324409
TCGA-BC-A10Q-01A-11R-A131-07	Tumor	1.44279717486075	1.4110037791603	1.70552694472863	2.35902982467618	0.0897573690922108	2.39424144387676	18.8347849700054
TCGA-DD-AAW2-01A-11R-A41C-07	Tumor	0.0333786842521304	1.13414055791592	1.36296703239317	1.59836645876852	2.33565933913488	1.8978910242115	8.45174280352955
TCGA-MI-A75H-01A-11R-A32O-07	Tumor	0.767735335304785	1.85273602334724	1.48215934693942	1.766498668683	2.20673451940776	2.3143371873043	10.1636408429426
TCGA-DD-AACN-01A-11R-A41C-07	Tumor	0.551679867697447	1.65747865645356	1.81994537970543	1.81166238939084	3.58599558674031	1.96594174815075	6.81960041341207
TCGA-2Y-A9GU-01A-11R-A38B-07	Tumor	1.34367463479273	2.3437874218518	0.886298429004194	1.68635227188099	3.24585225222521	1.67030766927712	5.86370978052014
TCGA-ZP-A9CZ-01A-11R-A38B-07	Tumor	0.908639305071171	1.743891244183	1.59762930354807	1.27722859929839	1.83493886522164	2.44734873459909	9.45771698565026
TCGA-2Y-A9H0-01A-11R-A38B-07	Tumor	1.09966106721474	2.10008117841576	1.69890620378025	1.92449664475094	1.55078783824762	0.986920715451749	10.9109492408287
TCGA-DD-AACI-01A-11R-A41C-07	Tumor	1.45171946123074	1.51706259401962	1.75795961991482	1.23158527547898	0.164077142590482	4.18743194133119	16.3245302885165
TCGA-XR-A8TG-01A-11R-A36F-07	Tumor	0.467550782924692	1.66426631120829	0.984249837536655	1.41242078809676	1.882256653082	2.24834883208089	8.82367994600337
TCGA-2Y-A9GX-01A-11R-A38B-07	Tumor	0.653699063625772	0.90944278679814	0.737927299504296	1.35318254733633	3.51734590624443	2.72570635051072	5.50885785868236
TCGA-ED-A7PZ-01A-11R-A33R-07	Tumor	1.91330221613281	1.62513595764208	1.4146851099591	2.10543542548751	1.38522039498723	2.69636010052215	14.8552787130492
TCGA-DD-A3A7-01A-11R-A22L-07	Tumor	2.14177849003362	3.05105673531816	2.29043319114907	3.74786673895865	0.56166253575389	3.58552126737294	25.1554645691483
TCGA-G3-AAV4-01A-11R-A38B-07	Tumor	0.587802903576237	1.33746910574017	1.55403418045168	2.68766926584427	2.67909786762163	1.51098507630346	12.062285239129
TCGA-WJ-A86L-01A-12R-A39D-07	Tumor	0.98985909703985	2.02640837995126	1.07610125582592	2.11654537531346	2.52034028018358	1.27249954802094	9.08560770333034
TCGA-ED-A82E-01A-11R-A352-07	Tumor	1.4729554334834	1.60850611999952	2.26049527959172	2.83848422905763	0.0933941008313662	2.72809899697948	21.7456704829987
TCGA-G3-A25V-01A-11R-A16W-07	Tumor	0.94051039134542	1.2905250143431	0.733758750315194	1.98376046791616	3.12619015532855	2.57903736628203	8.86453636108011
TCGA-DD-A4NQ-01A-21R-A28V-07	Tumor	1.26210896701353	0.839627835559193	0.354823201551806	2.31308559463967	1.68251272341358	2.18770310035346	13.3418453294914
TCGA-G3-A3CJ-01A-11R-A213-07	Tumor	1.02894263741522	1.57510276776801	1.35638081977122	0.626629757315133	1.44957689243117	2.25771379720522	7.34046623763615
TCGA-ES-A2HS-01A-11R-A180-07	Tumor	1.96884000614719	2.25669976852814	1.68916475075949	0.903274806625443	1.84827523577252	3.49499079623114	9.67405940167732
TCGA-2V-A95S-01A-11R-A37K-07	Tumor	1.44212290185552	1.70523157663714	1.76573452009165	3.01004709257109	1.35249402138362	2.76039616949525	18.8546347625936
TCGA-ES-A2HT-01A-12R-A180-07	Tumor	1.01204078925954	1.82554544159127	1.09425384485434	1.63737528431956	1.82490983365677	2.50455631098379	10.5884427498641
TCGA-FV-A495-01A-11R-A266-07	Tumor	1.37304700593765	2.34482492016242	1.57542608923981	1.50983026609653	2.03131760561929	3.7934645443226	11.6683063273558
TCGA-DD-A1EA-01A-11R-A131-07	Tumor	0.152655547770914	0.992930174828957	0.644572349229624	1.09764320388122	2.50300638219809	0.266350958876526	3.17222549706321
TCGA-BC-A10Z-01A-11R-A131-07	Tumor	0.668665946055545	1.59755284220578	1.15098395151686	2.37198716777815	1.30526223609848	0.590533057692569	12.3611407519905
TCGA-BC-A10W-01A-11R-A131-07	Tumor	0.727520005382802	0.360085779320023	0.51009650373244	0.245076439763841	1.65597104556282	2.12276459526747	4.74185264329922
TCGA-BC-A10R-01A-11R-A131-07	Tumor	1.26640073325177	1.44539639038703	1.36296703239317	2.80979954850753	1.19180840872866	3.01314535362849	18.3982485234658
TCGA-DD-A11D-01A-11R-A131-07	Tumor	0.622063407742195	1.44673780090813	1.07646001312264	2.79100104621842	2.46152879861304	1.55633087500467	12.5753745242694
TCGA-BC-A10Y-01A-11R-A131-07	Tumor	0.335205567480832	2.3149709732972	1.61878387147161	2.06292953029792	2.21711959363315	2.09340970256519	10.7007340896442
TCGA-DD-A113-01A-11R-A131-07	Tumor	0.890761132983956	2.12580050110311	2.41237813802362	0.591700385510965	2.0925491716219	2.26815458138896	6.27310300940868
TCGA-DD-A1EE-01A-11R-A131-07	Tumor	0.587176685390527	1.04025021692154	1.1741040258524	1.46005984343042	2.03533061326933	0.777045352678555	7.28458126480449
TCGA-DD-A1EF-01A-11R-A131-07	Tumor	1.10576335494048	2.00388882398935	1.45949190686596	2.38500888427014	3.66480135814082	1.17133646884208	7.72878193170195
TCGA-BC-A110-01A-11R-A131-07	Tumor	0.701597718646566	1.13414055791592	0.659670850213494	1.03048737258981	5.09841980030295	4.27870743435747	2.18411553168714
TCGA-DD-A114-01A-11R-A131-07	Tumor	1.59575693764128	2.08520944249603	1.4990765905866	3.37981068142578	1.61244546066777	2.85357244208209	19.501004426795
TCGA-CC-5258-01A-01R-A131-07	Tumor	0.784103963077816	1.41159637319289	0.99252703709874	1.15324713243576	3.16349578009647	3.04311130540023	5.99992718275443
TCGA-BC-A10S-01A-22R-A131-07	Tumor	0.918977278382817	1.47254525288697	1.7602250769216	1.39598354501589	1.99425110459371	2.65775817200349	10.175712241332
TCGA-CC-5264-01A-01R-A131-07	Tumor	1.21315353506529	1.90268952738046	1.41428113472531	2.77323105241118	3.13566881156393	0.892206091021078	10.3614161189547
TCGA-3K-AAZ8-01A-12R-A39D-07	Tumor	0.80876819680758	1.78581018190104	1.79948469167306	1.87589836957517	1.56250080790785	0.809436752415651	10.5520507360968
TCGA-G3-AAV0-01A-11R-A37K-07	Tumor	1.18472323759138	2.53865199806185	1.86512765790954	2.48731539752129	2.926715790062	2.51023380133101	11.91426690012
TCGA-5R-AA1C-01A-11R-A41C-07	Tumor	0.63993231562641	1.36046561729699	1.70663693546913	1.26777217860795	2.43829251070409	1.09780226958087	6.29043660284982
TCGA-NI-A8LF-01A-11R-A36F-07	Tumor	0.64479167963469	1.81952679941135	1.16939970642254	0.44734724602741	3.01368864390623	3.02477522695205	3.22920689775442
TCGA-RC-A7SB-01A-21R-A352-07	Tumor	0.390437549919408	2.27616115016254	1.26260238286969	1.83446579131152	1.80956548905456	2.09253035060929	10.4410239702345
TCGA-ZS-A9CG-01A-11R-A37K-07	Tumor	0.813651378838356	1.31725233284631	1.31501344570923	1.73939040159892	2.35604030221821	2.26518135554938	9.79044938031117
TCGA-FV-A3R3-01A-11R-A22L-07	Tumor	0.608499349557354	1.33221673557165	0.20379249114772	2.16646521971319	3.41596114869272	2.49001541375439	8.05877373250973
TCGA-DD-A73D-01A-12R-A32O-07	Tumor	0.81090722272136	1.60128585967805	1.69681079429205	0.391932034713929	2.2829393776641	0.481186518067246	2.10409607273052
TCGA-DD-AACZ-01A-11R-A41C-07	Tumor	1.26775097519883	1.42771432415819	1.49870714911277	1.43593878164046	1.5942695298962	4.76242418289001	14.1366852500338
TCGA-2Y-A9GT-01A-11R-A38B-07	Tumor	0.594803659751635	1.37102437251243	0.622502409968891	1.30797073727074	3.01319531824507	2.62425300437008	6.00145556732098
TCGA-2Y-A9GV-01A-11R-A38B-07	Tumor	0.446342299860744	1.16659715686447	0.345264590754502	0.898391035116558	3.12134645900976	1.96974707296918	2.88763996745619
TCGA-2Y-A9GW-01A-11R-A38B-07	Tumor	1.06154525066045	1.63972296020545	1.68104530001451	2.3978484145655	2.15491380471167	2.64741433638634	13.8890526974506
TCGA-BC-A3KF-01A-11R-A213-07	Tumor	0.991790617772122	1.83892401357732	1.040510637513	2.96790979014329	3.34498638247944	1.2804624503259	10.7285222319252
TCGA-DD-AADS-01A-11R-A41C-07	Tumor	1.30514279481612	1.92732213514924	1.38335150942984	0.68477405985196	0.952354906591501	2.40993804093482	8.99327420697767
TCGA-RC-A6M3-01A-11R-A32O-07	Tumor	1.61365397012495	1.67434984167365	2.20857469554447	3.80389490659514	0.466198221384956	4.6123080329302	27.4268987880373
TCGA-2Y-A9GS-01A-12R-A38B-07	Tumor	0.72146001867879	1.50623083023743	1.64508304373215	0.900871999315865	1.06743025579005	2.08067634977579	9.34094617360273
TCGA-K7-A6G5-01A-11R-A311-07	Tumor	0.909283204031486	1.57510276776801	1.15342770182845	2.2507021404519	2.64672789778355	1.7356280961018	10.2580246718434
TCGA-ED-A7PX-01A-51R-A352-07	Tumor	1.7563268550744	2.16683767621694	2.37442337171184	2.71253850823642	0.367963769650254	4.48926213248822	22.8704067702801
TCGA-DD-A1EH-01A-11R-A131-07	Tumor	0.459473435163771	1.34032104788086	1.41861783760925	2.10543542548751	2.57147835018254	1.59892044036912	9.7851945230515
TCGA-DD-A11A-01A-11R-A131-07	Tumor	0.566951518465339	1.55996702302261	0.963130104726638	1.05689291302569	2.79545886287865	1.14211885222345	3.69034342211619
TCGA-CC-5263-01A-01R-A131-07	Tumor	0.440015701434566	2.36578852279472	1.46428306772185	2.85699905510101	1.40194145714657	0.921520237127281	14.3396605624322
TCGA-CC-A1HT-01A-11R-A131-07	Tumor	0.865832171791802	1.33339091424492	1.54168933867998	1.58630828829966	0.0766028014570829	5.15040813704741	18.8833293941256
TCGA-EP-A12J-01A-11R-A131-07	Tumor	0.453946029235686	0.997959911745226	1.17626748573843	1.87118221667039	2.73132938829301	0.791225555913967	7.27359884532445
TCGA-CC-A123-01A-11R-A131-07	Tumor	1.86426707537844	2.47608144192508	2.07979189452605	1.55116178404247	0.631686396769145	3.19348026729079	15.1782321149246
TCGA-BC-A10T-01A-11R-A131-07	Tumor	0.269943604045605	1.85677712760122	1.3062776336861	0.896122075553754	2.89303495337212	2.92768029435775	5.17813432980937
TCGA-DD-A119-01A-11R-A131-07	Tumor	1.00294022654806	1.85832657215274	1.15704044156726	0.996475417328304	0.848479453044509	3.72550784106432	11.975452266274
TCGA-BC-A10U-01A-11R-A131-07	Tumor	0.735243427967566	1.37161455624242	1.36296703239317	2.35240928116757	1.98361048248537	1.2542271795156	11.8896139354051
TCGA-DD-A1EI-01A-11R-A131-07	Tumor	1.21744947126983	3.43152912018139	3.56595347403281	0.925007447020776	3.30580329022799	2.68469508107505	5.82906181702671
TCGA-DD-A1EB-01A-11R-A131-07	Tumor	0.487072527177195	1.47367013700023	0.60398937998535	1.3923809119551	3.29001874073975	1.1371979522524	3.52876704983835
TCGA-DD-A115-01A-11R-A131-07	Tumor	0.660406586888598	2.11164511136378	1.309223163016	0.374474183516721	2.30160477266555	2.114347120804	3.41939507060808
TCGA-CC-5262-01A-01R-A131-07	Tumor	1.27499096220754	2.05298319383754	1.45704496844878	2.052276647413	1.71142283470478	3.57827351613084	14.4415311483697
TCGA-BC-A112-01A-11R-A131-07	Tumor	1.81506203871971	2.10365207363868	1.90490198856539	2.15505934671824	0.80971417345496	3.18632648700125	17.2876243121828
TCGA-DD-A116-01A-11R-A131-07	Tumor	1.2948211021614	1.72056390620802	1.61838337510045	0.804946479600721	1.97136177287986	2.38691428463266	7.3132128059549
TCGA-DD-A11C-01A-11R-A131-07	Tumor	0.440663052001025	1.4110037791603	1.13947462316079	0.626629757315133	2.73948053291311	2.87356599243405	4.54279560899817
TCGA-DD-A118-01A-11R-A131-07	Tumor	1.19850759031547	2.44157836853846	1.75838903356513	1.52849095952252	2.91855493002166	2.05150237032543	7.24027127752443
TCGA-BC-4073-01B-02R-A131-07	Tumor	0.559642370821619	1.10715902467153	0.653529398001596	2.74712511064883	0.116676840778547	1.38676712144244	17.6626377081902
TCGA-2Y-A9H5-01A-11R-A38B-07	Tumor	0.814277974250394	1.07582764355065	1.29373362775459	2.50174481659706	2.93852151696217	2.39424144387676	11.8618959288791
TCGA-RC-A6M6-01A-11R-A32O-07	Tumor	0.378106886740139	2.60739962088074	2.45012430437513	1.83006640584192	1.51886597755521	7.05291782515421	18.8073971990735
TCGA-DD-AAD2-01A-11R-A41C-07	Tumor	0.653997558628252	1.4541396644238	0.987692264121864	1.90989766071907	1.95340106304453	3.37858107947035	12.5020177529612
TCGA-ED-A8O6-01A-11R-A36F-07	Tumor	0.811823153996184	1.46285253362305	1.60302042914663	1.92449664475094	2.30980273189089	2.9212701727577	11.7675430871283
TCGA-DD-AAE4-01A-11R-A41C-07	Tumor	1.06571366410248	1.90663955048267	1.67447529763475	0.659728045892559	1.68708399780126	3.30188260044863	8.44880102187095
TCGA-DD-A73B-01A-12R-A32O-07	Tumor	1.01486463749682	2.00632937345479	1.4865222397071	1.98867002558334	3.18939801909931	0.811699255757999	6.71576325426199
TCGA-DD-A3A6-01A-11R-A22L-07	Tumor	2.18377810879581	2.38787765177104	1.15958362528631	6.14579216929665	0.099560537950645	7.42502530877409	40.8517627940925
TCGA-DD-AACK-01A-11R-A41C-07	Tumor	0.612236978720047	1.68125658186951	1.31916630242131	2.17183346927602	2.49646121654124	1.54043593721666	9.96107995458734
TCGA-G3-A3CG-01A-11R-A213-07	Tumor	0.49654956787301	1.41272047433089	0.934449523358154	1.79343442361803	1.69881317428004	1.88577135738222	10.502139875584
TCGA-ED-A459-01A-11R-A266-07	Tumor	0.781592677265201	2.10888939664239	1.63387235348189	1.2957537268373	2.43971947232377	1.62752599132854	6.69290753826863
TCGA-DD-AAEB-01A-11R-A41C-07	Tumor	1.29248490908796	1.59081032597636	1.71870617381407	1.07869970490132	2.11264330930447	4.28527398667475	10.8540194493735
TCGA-KR-A7K8-01A-11R-A33J-07	Tumor	0.934521421377708	1.43749949811774	1.27934154882073	2.23801315392863	1.66763012444172	4.13278260796851	16.0640632016028
TCGA-RC-A7SF-01A-11R-A352-07	Tumor	0.786789723426474	1.67099676149035	1.65194206355406	3.20455999554975	2.80669166914452	2.40219744134803	15.1444986013427
TCGA-G3-A7M5-01A-11R-A33R-07	Tumor	1.15127031912704	1.92812130330095	2.07467896956084	0.628767555452949	1.72959172339205	2.37309036423585	7.39438623859884
TCGA-DD-AAE9-01A-11R-A41C-07	Tumor	0.791396712483086	1.62970767313929	1.99866790284521	2.46609668849244	2.78307572555609	2.44462916049343	12.5233461902331
TCGA-ZP-A9D4-01A-11R-A37K-07	Tumor	0.634784768589935	1.56063439466265	1.24292703017116	0.900871999315865	2.36403561793274	0.772896063412576	3.91131303501989
TCGA-K7-AAU7-01A-11R-A38B-07	Tumor	1.2736667736586	0.89224614578752	1.54209973522055	3.04233793720672	1.11553049879867	3.46805622185126	20.6826009509424
TCGA-GJ-A3OU-01A-31R-A38B-07	Tumor	1.19981595308155	1.0901915583546	1.4174408721469	2.6220501624899	2.03661014455539	3.36963926786418	16.2377682189173
