ID	Type	SMG9	DDX49	NR2C2AP	BSG	OIT3	TPM2	nomoscore
GSM1523329	Normal	0.472168059131382	0.395460914583371	0.680516534298432	0.724112605438762	6.40096619940134	0.0549209408768219	-28.8918015799703
GSM1523330	Normal	0.328930679434298	0.349348249980737	0.390713986577679	0.13470622914927	5.14603932428933	0.166498568230649	-53.9177198792299
GSM1523331	Normal	0.306077638288815	0.515491930816123	0.468344147089528	0.448655337991527	5.00235917058405	0.582293578048056	-7.99533240552315
GSM1523332	Normal	0.121309854658808	0.444272286522499	0.0433819873473826	0	5.08879169181969	0.617211843490637	-43.0759927562859
GSM1523333	Normal	0.324273757782798	0.422776031859102	0.294791357192293	1.0922717229157	5.49013329795911	0.0971414774918591	-9.1411447816205
GSM1523334	Normal	0.368744693378193	0.496058486078534	0.715008727832642	0.240727581550159	5.1401069146854	0.1343259004667	-39.9613758510103
GSM1523335	Normal	0.40526375867567	0.127984845234013	0	0.463116870332302	5.19255061835893	0.444608939621241	-32.2846251565022
GSM1523336	Normal	0.314594825039807	0.466024679544492	0.583511906543949	0.480393353943009	5.85290265228605	0.613082989050467	-10.0436401096636
GSM1523337	Normal	0.38187883014299	0.337973507637329	0.370694241058429	0.395973884827733	5.8178739305907	0.476526534398098	-27.2885848913792
GSM1523338	Normal	0.50462803032415	0.320061121510356	0.422472423490788	0.938332861982518	6.09547655536987	0.142784668429423	-16.0459186971865
GSM1523339	Tumor	0.287603450256846	0.814777787847859	0.868557356670128	2.05864124718703	0.658834138274544	0.853003125056451	137.208992993771
GSM1523340	Tumor	0.49429341220795	0.239312920339863	0.892836856550955	1.40526892252203	0.999824329744904	1.65090582132401	132.987000679931
GSM1523341	Tumor	0.323689110986463	0.41820084929948	0.719157847986311	1.63584263010842	0.811467676075313	0.550024377466402	84.4011326213396
GSM1523342	Tumor	0.494656369388932	0.957018548154267	1.53795235442879	2.20310428620225	1.31585257596184	0.684989440068408	149.916586367117
GSM1523343	Tumor	0.271030237339309	0.775107032259173	0.924444117481113	2.08388104414312	1.38128676213334	0.318922091101541	103.378445094314
GSM1523344	Tumor	0.3219158949847	0.732166482966352	1.19937359676555	2.11973513679623	0.119062068486995	0.898374629475352	150.441029453885
GSM1523345	Tumor	0.502368851116911	0.645110245945943	0.910316369208308	2.20703132901703	1.00177352059307	0.738533371635428	136.829268084328
GSM1523346	Tumor	0.317829850006566	0.321172759933854	0.642146248571635	1.45857831059102	1.57826523798875	0.420484752623149	58.3822447723112
GSM1523347	Tumor	0.48713296057575	0.565455591937896	1.26118808028234	2.66078773100601	0.626350189435651	1.05638687584444	184.009874756269
GSM1523348	Tumor	0.25669221839876	0.512050599342301	1.17276322135925	0.929428634445021	2.34394952529733	0.662845573164239	50.751345627218
GSM1523349	Tumor	0.168580539377115	1.10560201266435	1.31813493636945	0.843965924592874	0.8379922879553	0.91182892300947	87.6612690142874
GSM1523350	Tumor	0.641982488283264	1.45172343967006	1.11003940922537	1.18784675681839	0.377594265225878	0.720723111616143	115.100779527448
GSM1523351	Tumor	0.522241586267544	0.55287530891666	0.842486301613006	2.1392283235791	1.64119555908058	0.50882517570858	112.809483316111
GSM1523352	Tumor	0.648672077355496	0.601497468238231	1.41720470339282	2.33489553529948	0.224272816807339	0.0994819379952849	123.819153384185
GSM1523353	Tumor	0.574223174173225	0.381264752752321	0.978014808384694	1.73885254177592	0.761069980720942	0.381448319619992	89.3463049460475
GSM1523354	Tumor	0.2486473464511	0.41240561710848	0.37126683563931	1.8998237566544	3.36125505393669	0.924611058210551	93.6044323304684
GSM1523355	Tumor	0.461590625076968	0.454483509321936	0.843827636886441	1.33218530100953	2.22132350366422	1.03361101218356	90.9358770122067
GSM1523356	Tumor	0.774360794485077	0.314527876715777	0.903821478620126	2.54743420274819	0.351407198594648	0.499274490263605	142.748378852503
GSM1523357	Tumor	0.347468723824395	0.994348058614523	0.752620085364735	1.16694192920642	0.522676965755796	0.586948662666858	80.8394700069687
GSM1523358	Tumor	0.322320357440218	0.86904489471186	0.990442095467374	1.95683672772067	0.868728502309751	0.622236619975271	121.800512570774
GSM1523359	Tumor	0.376686132580127	0.525593455246917	0.928121814090363	0.378241035215408	0.168905143478506	0.880061185190911	48.1380724385764
GSM1523360	Tumor	0.588317382850787	0.528505549825326	0.672024080105132	2.09010163239779	0.865183730648554	0.965623165683725	138.956251400546
GSM1523361	Tumor	0.38344113159717	1.27814938231962	1.37829221440456	1.12584153224907	0.197549109596952	0.334192173739025	85.642423393623
GSM1523362	Tumor	0.412866281005	0.717849369292947	1.12659226355161	0.557481179988299	1.8416620530225	1.45624208603062	86.7774304336988
GSM1523363	Tumor	0.703726435856437	1.16960733630782	1.12678728539279	1.53160105851998	0.545023458207545	0	86.0480174336024
GSM1523364	Tumor	0.274232670171769	0.425803939133091	0.794531342364834	1.49946702200819	1.0294577724499	0.445496210398684	70.2238883994116
GSM1523365	Tumor	0.371654324195351	0.997233073527269	1.2365024474065	1.0982482088191	0.433045683673996	0.747624931129175	94.962383589832
GSM1523366	Tumor	0.565817403551105	0.470854509446055	1.04545146651825	1.64642768827966	0.258911061697439	0.0294749992101426	72.0129805324795
GSM1523367	Tumor	0.728181329276953	0.93886589899367	1.13946057912144	0.399393459710122	0.712387891450739	0.748396770243665	60.5589300030852
GSM1523368	Tumor	0.52267607217939	0.750831353424154	1.2478993339558	1.28491129916678	1.76956057330558	0.615224226672664	84.5620659794513
GSM1523369	Tumor	0.310783073556055	0.455419898880129	1.14455281838739	1.81425939087371	0	0.622236619975271	111.077712962589
GSM1523370	Tumor	0.368744693378193	0.55930863691128	0.810222919356402	2.02300475155441	0.208251766624254	0.0248480586472413	86.5449129225883
GSM1523371	Tumor	0.318278850465783	0.157287147286463	0.795700447489885	0.875183655797743	1.69676410706842	1.65384813890728	92.5724673564751
GSM1523372	Tumor	0.420999783331129	0.334338122651036	1.3498202252436	1.42026521941736	1.74352018036575	0.0203235169855844	46.8969152818111
GSM1523373	Tumor	0.323323518050612	0.815644846018389	1.00981025648823	1.70848558768665	1.17036915386368	0.0604230634936318	74.3868747912735
GSM1523374	Tumor	0.420266416746363	0.586558280259237	0.597865144782842	1.78493934477815	1.56446521004957	0.456968445147197	86.6518316530234
GSM1523375	Tumor	0.371654324195351	0.664116254588184	0.536517821641994	1.78718332149883	4.72822398021601	0.0229893910146934	40.5011003066183
GSM1523376	Tumor	0.201850865889298	0.363574091659133	0.868883863300665	1.42892703561057	0.243904023214117	0.94537250793644	97.5295653265727
GSM1523377	Tumor	0.446198111215754	0.318483873884309	0.134672254468494	1.24354587339749	4.02759159675279	1.13136794164408	63.4472299045874
GSM1523378	Tumor	0.531027093569008	0.439301873294416	0.450868929983793	1.27314497371033	1.9846781674054	0.235193052552502	40.3191102831069
GSM1523379	Tumor	0.472298397430539	0.562404966772695	0.788727464041791	0.927361709199239	0.525609808919666	1.22127737321191	94.3141991046452
GSM1523380	Tumor	0.476038968028624	0.560259513292178	0.906466263149358	1.94270020288963	0.506611799262394	0.234344517682628	95.5811880425367
GSM1523381	Tumor	0.604156725055467	0.217127790159735	0.437128333488173	1.70467900020788	1.54523501539469	1.07440358181158	107.67139606043
GSM1523382	Tumor	0.295205652587287	0.118182400719354	1.06199447453252	1.78816235378079	0.606104805473323	0.702547434198646	98.7563704359306
GSM1523383	Tumor	0.196295077119082	0	0.729955696189649	0.304759932135084	4.68814903366516	1.24825361655139	10.7396134419105
GSM1523384	Tumor	0.376940548551747	0.531013983629191	0.792397839790357	0.915298403190466	2.1040470241534	0.542622673346583	42.1698955200016
GSM1523385	Tumor	0.180452783181853	0.788022665276034	1.19457031642988	0.859962969580488	0.663699317077585	0.485269668369379	55.653273649611
GSM1523386	Tumor	0.407993472998155	0.548440434336091	0.382939254249322	0.553038244071833	3.5033758678297	0.964556825467182	31.011478475762
GSM1523387	Tumor	0.123899627490364	0.373066036332883	0.528776474231976	1.01918686684514	0.848329597934283	0.359332430658149	32.471685482038
GSM1523388	Tumor	0.316159279319399	0.378557708679438	0.815812348201362	1.04224215360716	1.13218021270526	0.447860486574556	45.3725002214977
GSM1523389	Tumor	0.160731839030172	0.150269874103445	0.344505971826234	1.55432141295033	1.01796146428752	1.15195021775001	94.9061070279706
GSM1523390	Tumor	0.175966384823063	0.92761260293894	0.987878922209455	1.74881409634819	1.20630236020837	0.136808617471193	80.0956186922373
GSM1523391	Tumor	0.728181329276953	0.245879920199636	0.458269750697069	0.892978001071638	1.69141932102493	1.83264779362542	109.334916668728
GSM1523392	Tumor	0.340915784516419	0.323318618766083	0.312629960543483	1.30253553000265	2.62548847763505	0.308288781021139	31.8427340774407
GSM1523393	Tumor	0.378342125993504	0.696991505339053	1.2359327750205	1.3021402138295	0.694376339421068	0.24498955970174	67.9136223021496
GSM1523394	Tumor	0.38742515532448	0.391188109712213	0.801835156727831	0.55281139412698	0.282904892442412	0.731420303751351	42.836005492403
GSM1523395	Tumor	0.378199981057196	0.471396664716928	0.736569908709409	0.913988364209967	0.520429703374713	0.301519770012191	37.5432495890568
GSM1523396	Tumor	0.483503867501666	0.853307663324571	1.18149429092493	1.77956324568147	0.686395836373477	0.199340271973805	96.4486182800803
GSM1523397	Tumor	0.462412186944814	0.512050599342301	0.810095797434508	1.01652415653357	4.27782356213425	0.134693341031765	11.1558049431791
GSM1523398	Tumor	0.147012856585962	0.451279616751611	0.495094408046286	1.95913221532742	0.340476133520577	0.695485405901831	106.447878172823
GSM1523399	Tumor	0.398000398377002	0.451627131073187	0.472320071467362	1.70149350488764	0.463788359823333	1.91589639970903	164.278085076468
GSM1523400	Tumor	0.416657839287508	0.401591756218068	1.00751296071254	1.19628703210628	0.428446265879276	0.112773048959309	45.8737679273641
GSM1523401	Tumor	0.393234456506306	0.543816936796361	0.670965509469164	1.22135120475877	4.38125325100896	0.269533850926294	25.8841710172066
GSM1523402	Tumor	0.22714682450896	0.34303063732601	1.17911614453001	1.04752407111896	1.84876746327914	0.428550813729805	42.3405467547914
GSM1523403	Tumor	0.0236220544355383	0.480625934967248	1.02243158747759	1.82238983612453	0.521998013125647	0.928879105493001	117.317969029409
GSM1523404	Tumor	0.276007872938474	0.85022940652111	0.669138161944083	1.13950924836259	1.3309122782487	0.397560684612282	56.320958008781
GSM1523405	Tumor	0.14323941522201	0.37903287733	0.868478574770143	1.87566280125348	2.06860311713549	0.906813167101486	105.212184812831
GSM1523406	Tumor	0.277529404281365	0.381093906814659	0.636428902152528	1.64385722941038	0.839486093542354	1.23228081213405	118.909439517132
GSM1523407	Tumor	0.43601702094977	0.588449116833494	0.879116309459066	0.605600019173127	0.563801920802252	0.938928972023001	62.8466077089811
GSM1523408	Tumor	0.0543539578887913	0.265444744387697	0.882937511461991	1.19328799993563	0.997138360621224	0.167992986483727	31.1728284618284
GSM1523409	Tumor	0.287947508119677	0.366253072298592	1.08193119849416	2.70349557015504	0.52435264280728	0.932747539167104	167.502113634467
GSM1523410	Tumor	0.204158684570325	0.559130660530801	0.615375721802284	0.558145347819591	5.56600492314124	0.820258051638676	8.26630448716489
GSM1523411	Tumor	0.453987644102153	0.936950853388106	1.06010349424322	0.767469974016177	0.402776935007358	0.242890384434252	47.1526771396593
GSM1523412	Tumor	0.267542575424345	0.462049721585156	0.753667870672387	1.01557545422416	0.967776030949567	0.900302723852424	70.3857060457033
GSM1523413	Tumor	0.451938170546541	0.572355849651123	1.30886357101889	2.65327173462007	0.675602842276919	0.518130454173562	153.775551066999
GSM1523414	Tumor	0.452911737073249	0.521885450722279	0.324024041155321	1.0274977186931	3.29782111077759	0.0864987843243696	8.42444578200066
GSM1523415	Tumor	0.46834646983355	0.600518561497042	1.08627991734242	1.88192238972492	1.12850409301954	0.383407263615872	99.9718654159117
GSM1523416	Tumor	0.60606016455398	1.07850444324181	0.808796566307018	0.778928982543837	0.834408612881086	0.433162061598374	58.4194620303913
GSM1523417	Tumor	0.16765319209635	0.338988956318488	0.954278791337962	1.21724711676971	0.397712596699392	0.81428415908106	77.9503937909188
GSM1523418	Tumor	0	0.685598599486213	1.17630052452743	2.08085744287609	0.252012785786099	0.418410604890354	112.406379947966
GSM1523419	Tumor	0.154325232898541	0.841794784902032	1.05132858128623	1.32887502873517	0.34624322462007	0.187507007082509	64.9518489036688
