ID	SMG9	DDX49	NR2C2AP	BSG	OIT3	TPM2	nomoscore	Type
GSM1523329	0.472168059	0.395460915	0.680516534	0.724112605	6.400966199	0.054920941	-28.89180158	Normal
GSM1523330	0.328930679	0.34934825	0.390713987	0.134706229	5.146039324	0.166498568	-53.91771988	Normal
GSM1523331	0.306077638	0.515491931	0.468344147	0.448655338	5.002359171	0.582293578	-7.995332406	Normal
GSM1523332	0.121309855	0.444272287	0.043381987	0	5.088791692	0.617211843	-43.07599276	Normal
GSM1523333	0.324273758	0.422776032	0.294791357	1.092271723	5.490133298	0.097141477	-9.141144782	Normal
GSM1523334	0.368744693	0.496058486	0.715008728	0.240727582	5.140106915	0.1343259	-39.96137585	Normal
GSM1523335	0.405263759	0.127984845	0	0.46311687	5.192550618	0.44460894	-32.28462516	Normal
GSM1523336	0.314594825	0.46602468	0.583511907	0.480393354	5.852902652	0.613082989	-10.04364011	Normal
GSM1523337	0.38187883	0.337973508	0.370694241	0.395973885	5.817873931	0.476526534	-27.28858489	Normal
GSM1523338	0.50462803	0.320061122	0.422472423	0.938332862	6.095476555	0.142784668	-16.0459187	Normal
GSM1523339	0.28760345	0.814777788	0.868557357	2.058641247	0.658834138	0.853003125	137.208993	Tumor
GSM1523340	0.494293412	0.23931292	0.892836857	1.405268923	0.99982433	1.650905821	132.9870007	Tumor
GSM1523341	0.323689111	0.418200849	0.719157848	1.63584263	0.811467676	0.550024377	84.40113262	Tumor
GSM1523342	0.494656369	0.957018548	1.537952354	2.203104286	1.315852576	0.68498944	149.9165864	Tumor
GSM1523343	0.271030237	0.775107032	0.924444117	2.083881044	1.381286762	0.318922091	103.3784451	Tumor
GSM1523344	0.321915895	0.732166483	1.199373597	2.119735137	0.119062068	0.898374629	150.4410295	Tumor
GSM1523345	0.502368851	0.645110246	0.910316369	2.207031329	1.001773521	0.738533372	136.8292681	Tumor
GSM1523346	0.31782985	0.32117276	0.642146249	1.458578311	1.578265238	0.420484753	58.38224477	Tumor
GSM1523347	0.487132961	0.565455592	1.26118808	2.660787731	0.626350189	1.056386876	184.0098748	Tumor
GSM1523348	0.256692218	0.512050599	1.172763221	0.929428634	2.343949525	0.662845573	50.75134563	Tumor
GSM1523349	0.168580539	1.105602013	1.318134936	0.843965925	0.837992288	0.911828923	87.66126901	Tumor
GSM1523350	0.641982488	1.45172344	1.110039409	1.187846757	0.377594265	0.720723112	115.1007795	Tumor
GSM1523351	0.522241586	0.552875309	0.842486302	2.139228324	1.641195559	0.508825176	112.8094833	Tumor
GSM1523352	0.648672077	0.601497468	1.417204703	2.334895535	0.224272817	0.099481938	123.8191534	Tumor
GSM1523353	0.574223174	0.381264753	0.978014808	1.738852542	0.761069981	0.38144832	89.34630495	Tumor
GSM1523354	0.248647346	0.412405617	0.371266836	1.899823757	3.361255054	0.924611058	93.60443233	Tumor
GSM1523355	0.461590625	0.454483509	0.843827637	1.332185301	2.221323504	1.033611012	90.93587701	Tumor
GSM1523356	0.774360794	0.314527877	0.903821479	2.547434203	0.351407199	0.49927449	142.7483789	Tumor
GSM1523357	0.347468724	0.994348059	0.752620085	1.166941929	0.522676966	0.586948663	80.83947001	Tumor
GSM1523358	0.322320357	0.869044895	0.990442095	1.956836728	0.868728502	0.62223662	121.8005126	Tumor
GSM1523359	0.376686133	0.525593455	0.928121814	0.378241035	0.168905143	0.880061185	48.13807244	Tumor
GSM1523360	0.588317383	0.52850555	0.67202408	2.090101632	0.865183731	0.965623166	138.9562514	Tumor
GSM1523361	0.383441132	1.278149382	1.378292214	1.125841532	0.19754911	0.334192174	85.64242339	Tumor
GSM1523362	0.412866281	0.717849369	1.126592264	0.55748118	1.841662053	1.456242086	86.77743043	Tumor
GSM1523363	0.703726436	1.169607336	1.126787285	1.531601059	0.545023458	0	86.04801743	Tumor
GSM1523364	0.27423267	0.425803939	0.794531342	1.499467022	1.029457772	0.44549621	70.2238884	Tumor
GSM1523365	0.371654324	0.997233074	1.236502447	1.098248209	0.433045684	0.747624931	94.96238359	Tumor
GSM1523366	0.565817404	0.470854509	1.045451467	1.646427688	0.258911062	0.029474999	72.01298053	Tumor
GSM1523367	0.728181329	0.938865899	1.139460579	0.39939346	0.712387891	0.74839677	60.55893	Tumor
GSM1523368	0.522676072	0.750831353	1.247899334	1.284911299	1.769560573	0.615224227	84.56206598	Tumor
GSM1523369	0.310783074	0.455419899	1.144552818	1.814259391	0	0.62223662	111.077713	Tumor
GSM1523370	0.368744693	0.559308637	0.810222919	2.023004752	0.208251767	0.024848059	86.54491292	Tumor
GSM1523371	0.31827885	0.157287147	0.795700447	0.875183656	1.696764107	1.653848139	92.57246736	Tumor
GSM1523372	0.420999783	0.334338123	1.349820225	1.420265219	1.74352018	0.020323517	46.89691528	Tumor
GSM1523373	0.323323518	0.815644846	1.009810256	1.708485588	1.170369154	0.060423063	74.38687479	Tumor
GSM1523374	0.420266417	0.58655828	0.597865145	1.784939345	1.56446521	0.456968445	86.65183165	Tumor
GSM1523375	0.371654324	0.664116255	0.536517822	1.787183321	4.72822398	0.022989391	40.50110031	Tumor
GSM1523376	0.201850866	0.363574092	0.868883863	1.428927036	0.243904023	0.945372508	97.52956533	Tumor
GSM1523377	0.446198111	0.318483874	0.134672254	1.243545873	4.027591597	1.131367942	63.4472299	Tumor
GSM1523378	0.531027094	0.439301873	0.45086893	1.273144974	1.984678167	0.235193053	40.31911028	Tumor
GSM1523379	0.472298397	0.562404967	0.788727464	0.927361709	0.525609809	1.221277373	94.3141991	Tumor
GSM1523380	0.476038968	0.560259513	0.906466263	1.942700203	0.506611799	0.234344518	95.58118804	Tumor
GSM1523381	0.604156725	0.21712779	0.437128333	1.704679	1.545235015	1.074403582	107.6713961	Tumor
GSM1523382	0.295205653	0.118182401	1.061994475	1.788162354	0.606104805	0.702547434	98.75637044	Tumor
GSM1523383	0.196295077	0	0.729955696	0.304759932	4.688149034	1.248253617	10.73961344	Tumor
GSM1523384	0.376940549	0.531013984	0.79239784	0.915298403	2.104047024	0.542622673	42.16989552	Tumor
GSM1523385	0.180452783	0.788022665	1.194570316	0.85996297	0.663699317	0.485269668	55.65327365	Tumor
GSM1523386	0.407993473	0.548440434	0.382939254	0.553038244	3.503375868	0.964556825	31.01147848	Tumor
GSM1523387	0.123899627	0.373066036	0.528776474	1.019186867	0.848329598	0.359332431	32.47168548	Tumor
GSM1523388	0.316159279	0.378557709	0.815812348	1.042242154	1.132180213	0.447860487	45.37250022	Tumor
GSM1523389	0.160731839	0.150269874	0.344505972	1.554321413	1.017961464	1.151950218	94.90610703	Tumor
GSM1523390	0.175966385	0.927612603	0.987878922	1.748814096	1.20630236	0.136808617	80.09561869	Tumor
GSM1523391	0.728181329	0.24587992	0.458269751	0.892978001	1.691419321	1.832647794	109.3349167	Tumor
GSM1523392	0.340915785	0.323318619	0.312629961	1.30253553	2.625488478	0.308288781	31.84273408	Tumor
GSM1523393	0.378342126	0.696991505	1.235932775	1.302140214	0.694376339	0.24498956	67.9136223	Tumor
GSM1523394	0.387425155	0.39118811	0.801835157	0.552811394	0.282904892	0.731420304	42.83600549	Tumor
GSM1523395	0.378199981	0.471396665	0.736569909	0.913988364	0.520429703	0.30151977	37.54324959	Tumor
GSM1523396	0.483503868	0.853307663	1.181494291	1.779563246	0.686395836	0.199340272	96.44861828	Tumor
GSM1523397	0.462412187	0.512050599	0.810095797	1.016524157	4.277823562	0.134693341	11.15580494	Tumor
GSM1523398	0.147012857	0.451279617	0.495094408	1.959132215	0.340476134	0.695485406	106.4478782	Tumor
GSM1523399	0.398000398	0.451627131	0.472320071	1.701493505	0.46378836	1.9158964	164.2780851	Tumor
GSM1523400	0.416657839	0.401591756	1.007512961	1.196287032	0.428446266	0.112773049	45.87376793	Tumor
GSM1523401	0.393234457	0.543816937	0.670965509	1.221351205	4.381253251	0.269533851	25.88417102	Tumor
GSM1523402	0.227146825	0.343030637	1.179116145	1.047524071	1.848767463	0.428550814	42.34054675	Tumor
GSM1523403	0.023622054	0.480625935	1.022431587	1.822389836	0.521998013	0.928879105	117.317969	Tumor
GSM1523404	0.276007873	0.850229407	0.669138162	1.139509248	1.330912278	0.397560685	56.32095801	Tumor
GSM1523405	0.143239415	0.379032877	0.868478575	1.875662801	2.068603117	0.906813167	105.2121848	Tumor
GSM1523406	0.277529404	0.381093907	0.636428902	1.643857229	0.839486094	1.232280812	118.9094395	Tumor
GSM1523407	0.436017021	0.588449117	0.879116309	0.605600019	0.563801921	0.938928972	62.84660771	Tumor
GSM1523408	0.054353958	0.265444744	0.882937511	1.193288	0.997138361	0.167992986	31.17282846	Tumor
GSM1523409	0.287947508	0.366253072	1.081931198	2.70349557	0.524352643	0.932747539	167.5021136	Tumor
GSM1523410	0.204158685	0.559130661	0.615375722	0.558145348	5.566004923	0.820258052	8.266304487	Tumor
GSM1523411	0.453987644	0.936950853	1.060103494	0.767469974	0.402776935	0.242890384	47.15267714	Tumor
GSM1523412	0.267542575	0.462049722	0.753667871	1.015575454	0.967776031	0.900302724	70.38570605	Tumor
GSM1523413	0.451938171	0.57235585	1.308863571	2.653271735	0.675602842	0.518130454	153.7755511	Tumor
GSM1523414	0.452911737	0.521885451	0.324024041	1.027497719	3.297821111	0.086498784	8.424445782	Tumor
GSM1523415	0.46834647	0.600518561	1.086279917	1.88192239	1.128504093	0.383407264	99.97186542	Tumor
GSM1523416	0.606060165	1.078504443	0.808796566	0.778928983	0.834408613	0.433162062	58.41946203	Tumor
GSM1523417	0.167653192	0.338988956	0.954278791	1.217247117	0.397712597	0.814284159	77.95039379	Tumor
GSM1523418	0	0.685598599	1.176300525	2.080857443	0.252012786	0.418410605	112.4063799	Tumor
GSM1523419	0.154325233	0.841794785	1.051328581	1.328875029	0.346243225	0.187507007	64.9518489	Tumor
