ID	SMG9	DDX49	NR2C2AP	BSG	OIT3	TPM2	nomoscore	Type
TCGA-DD-A1EL-11A-11R-A155-07	0.286631081	0.845980219	0.379186442	0.515634179	5.096900548	0.67747382	-5.189923052	Normal
TCGA-DD-A39X-11A-11R-A213-07	0.320170119	0.782064042	0.727232828	0.465525069	4.992806527	0.658588002	-4.768907135	Normal
TCGA-BC-A216-11A-11R-A155-07	0.422614706	1.175419258	0.548267251	0.678547775	5.54150315	1.037039874	-5.056654608	Normal
TCGA-FV-A2QR-11A-11R-A213-07	0.377334644	0.687171837	0.572842898	0.961778264	4.293942963	1.949351053	0.712773954	Normal
TCGA-BD-A3EP-11A-12R-A22L-07	0.334587971	1.119724615	0.150752459	1.108582586	5.493936123	1.119846785	-3.431500898	Normal
TCGA-DD-A1EG-11A-11R-A213-07	0.452447413	1.239484798	0.551067361	0.941696089	5.01733835	2.030505591	-1.3388799	Normal
TCGA-FV-A23B-11A-11R-A16W-07	0.434853194	0.729606112	0.610377846	0.775859048	4.826062582	1.523192004	-1.905317987	Normal
TCGA-DD-A3A2-11A-11R-A213-07	0.328082493	0.920303481	0.870084293	0.176907829	5.19333889	1.234789272	-5.632429267	Normal
TCGA-DD-A3A8-11A-11R-A22L-07	0.455167699	1.683976309	0.595373671	1.100548706	5.175580014	0.926088161	-2.763858081	Normal
TCGA-DD-A39V-11A-11R-A213-07	0.54266276	1.191882371	0.455730367	0.349201707	5.601539469	0.974025514	-6.706133697	Normal
TCGA-FV-A3I1-11A-11R-A22L-07	0.338801861	0.900215905	0.366777971	0.397154205	5.539525712	0.923460322	-6.456839607	Normal
TCGA-EP-A26S-11A-12R-A16W-07	0.19924801	1.05311847	0.580185806	0.409537581	5.555675744	1.17471926	-6.064340662	Normal
TCGA-DD-A39W-11A-11R-A213-07	0.187216147	1.13715972	0.512203799	0	5.089451867	1.177109948	-6.762691757	Normal
TCGA-EP-A3RK-11A-11R-A22L-07	0.374383023	0.926631795	0.885472464	0.216960287	5.11571304	1.528807118	-4.837978459	Normal
TCGA-DD-A39Z-11A-21R-A213-07	0.380185284	1.207358025	0.722001841	0.622425127	3.407003143	2.014453887	1.39652499	Normal
TCGA-BD-A2L6-11A-21R-A213-07	0.717818031	0.684997655	0.399375596	0.81861394	5.114069791	1.682983951	-2.235296741	Normal
TCGA-FV-A3R2-11A-11R-A22L-07	0.43366052	1.213353839	0.868437919	0.983892942	4.979851911	1.478645478	-1.495353995	Normal
TCGA-DD-A3A3-11A-11R-A22L-07	0.284829649	0.970650225	0.505280173	0.601782828	5.960549943	1.949786027	-5.179866911	Normal
TCGA-G3-A3CH-11A-11R-A22L-07	0.471242163	1.129532142	0.55678834	0.869973105	5.431624292	1.027170099	-3.93128329	Normal
TCGA-DD-A3A5-11A-11R-A22L-07	0.326010802	1.058143209	0.246493103	0.329276733	3.711764347	0.626018534	-2.874635751	Normal
TCGA-DD-A1EH-11A-11R-A131-07	0.286076381	0.826837682	0.798602846	0.647221831	5.012808405	0.97595327	-3.600539692	Normal
TCGA-DD-A1EC-11A-11R-A131-07	0	0.874015773	0	0.336066416	5.868172132	1.565341143	-7.199824095	Normal
TCGA-BC-A10X-11A-11R-A131-07	0.15100124	0.710528947	0.345415194	0.406112927	5.284468562	1.105728038	-5.566555949	Normal
TCGA-BC-A10W-11A-11R-A131-07	0.223180561	0.877835937	0.542256508	0.793803802	5.491911532	0.98563519	-4.46763004	Normal
TCGA-DD-A119-11A-11R-A131-07	0.25472589	0.771506561	0.09690656	0.317593726	6.370065003	0.619782218	-9.482004205	Normal
TCGA-DD-A1EI-11A-11R-A131-07	0.236956218	1.059174927	0.429089814	0.39005216	5.332203071	0.6976725	-6.372749221	Normal
TCGA-BC-A110-11A-11R-A131-07	0.601534161	1.184844189	0.328701405	0.539828853	5.319501944	1.004264603	-5.258284682	Normal
TCGA-DD-A11C-11A-11R-A131-07	0.356743758	0.981440336	0.495107361	0.612217547	5.589189866	0.782286438	-5.774379971	Normal
TCGA-FV-A3I0-11A-11R-A22L-07	0.467700689	1.156086061	0.492336535	0.538020683	4.551022406	0.343361084	-4.169868695	Normal
TCGA-DD-A3A1-11A-11R-A213-07	0.651070033	1.429555018	0.687797704	0.811552251	4.703423623	2.750088369	-0.004270241	Normal
TCGA-DD-A11A-11A-11R-A131-07	0.105210933	0.596753794	0.259279801	0.433260149	5.848089958	0.776055478	-7.326838882	Normal
TCGA-BC-A10Z-11A-11R-A131-07	0.453334502	1.007438489	1.028282142	1.070099937	4.522305133	1.853008995	0.786197553	Normal
TCGA-EP-A12J-11A-11R-A131-07	0.265910456	1.162395651	0.274259129	1.147351452	4.770776843	0.983951476	-1.61860782	Normal
TCGA-BC-A10T-11A-11R-A131-07	0.228880342	0.9231991	0.691563583	0.610117084	5.973791246	0.908261843	-6.403332703	Normal
TCGA-DD-A11D-11A-12R-A131-07	0.363274781	0.908056787	0.244419761	0.896122076	4.709202889	0.653695469	-2.79445946	Normal
TCGA-DD-A113-11A-12R-A131-07	0.230679479	1.045714813	0.094332636	0.583589671	4.972984387	2.06876308	-3.153397508	Normal
TCGA-DD-A1EE-11A-11R-A131-07	0.257128738	1.083979024	0.230297446	0.618078812	5.321399768	0.914169724	-5.294412862	Normal
TCGA-DD-A116-11A-12R-A26B-07	0.315183702	0.730024581	0.229381109	0.037371847	4.971583223	0.947402183	-6.594065767	Normal
TCGA-DD-A118-11A-11R-A131-07	0.173498384	1.034306658	0.143294639	0.243477946	5.790756355	0.379667532	-8.850185796	Normal
TCGA-DD-A114-11A-12R-A131-07	0.32490094	0.8427894	0.361919928	1.103201566	5.071372846	0.835540368	-2.434933302	Normal
TCGA-DD-A3A4-11A-11R-A22L-07	0.445141583	1.371614556	1.017022799	1.502154691	6.754643915	2.03538219	-2.860096042	Normal
TCGA-DD-A1EJ-11A-11R-A155-07	0.194924372	0.886626931	0.652197116	0.959191057	5.212456474	1.810634293	-1.884778634	Normal
TCGA-ES-A2HT-11A-11R-A180-07	0.511796693	1.13764121	0.966915078	1.320763683	4.231521074	1.1474541	1.499681434	Normal
TCGA-BC-A10R-11A-11R-A131-07	0.286631081	0.855129448	0.181166072	0.601782828	5.341465094	0.159698629	-6.328413009	Normal
TCGA-BC-A10Y-11A-11R-A131-07	0.241330344	0.682541908	0.441844197	0.727082119	5.93428584	1.25473979	-5.446258801	Normal
TCGA-BC-A10U-11A-11R-A131-07	0.252919157	0.660509081	0.335480748	0.622425127	4.849470129	1.89539601	-2.443872668	Normal
TCGA-DD-A11B-11A-11R-A131-07	0.318994688	0.844176824	0.557606927	0.769105483	4.713943881	1.821832087	-1.441983563	Normal
TCGA-DD-A1EB-11A-11R-A131-07	0.253649149	0.988872922	0.27537073	0.502234458	5.195020801	0	-6.607126773	Normal
TCGA-BC-A10Q-11A-11R-A131-07	0.268419233	1.101485463	0.436462006	0.915436177	5.112254228	0.861961843	-3.399687956	Normal
TCGA-DD-A3A6-11A-11R-A22L-07	0.462211416	1.522884736	1.128215473	0.720567746	2.207940543	1.772601447	4.693282931	Normal
TCGA-CC-A5UC-01A-11R-A28V-07	0.932440999	1.707007377	1.865573576	2.195043164	3.132841367	3.423513038	11.75042662	Tumor
TCGA-DD-AAEI-01A-11R-A41C-07	0.822603357	1.921635047	1.454220754	2.110496514	2.818668848	1.158790849	8.512635255	Tumor
TCGA-G3-A7M6-01A-11R-A33R-07	2.137385531	1.509404505	1.464877561	1.944461766	0.786571727	3.943166747	17.57859929	Tumor
TCGA-DD-A1EL-01A-11R-A155-07	0.92194132	2.419771699	1.906793406	0.85559649	2.281900186	1.846446401	5.69470994	Tumor
TCGA-DD-A4NB-01A-12R-A266-07	0.658119897	1.219208771	0.420213761	2.712538508	2.709138973	3.805246549	14.17622948	Tumor
TCGA-DD-A39Y-01A-11R-A213-07	1.742613415	2.346925278	1.844671263	2.544828228	1.393416545	4.684864545	19.27277233	Tumor
TCGA-DD-AAC8-01A-11R-A41C-07	0.921645504	1.295065639	2.081446737	2.16646522	1.88321766	2.331333622	13.6727338	Tumor
TCGA-DD-AACG-01A-11R-A41C-07	1.802763511	1.34894314	1.457457651	0.435071225	0.607754812	2.816515811	10.03852696	Tumor
TCGA-2Y-A9HA-01A-11R-A39D-07	0.71398254	2.644580147	1.520253901	1.919783602	2.23673484	1.629192227	9.35415182	Tumor
TCGA-DD-AAVQ-01A-11R-A41C-07	1.181477301	1.547632397	1.907252958	1.56282168	1.25235625	2.935861125	13.32932291	Tumor
TCGA-CC-A3M9-01A-11R-A213-07	2.558395264	1.865978288	1.847940152	2.16646522	1.021483281	4.589666924	19.22472048	Tumor
TCGA-FV-A23B-01A-11R-A16W-07	0.942577091	1.335185791	1.017022799	2.313085595	3.61062544	1.702506019	8.133241604	Tumor
TCGA-DD-A1EJ-01A-11R-A155-07	0.871707291	1.741094526	1.461932108	3.296097005	2.899641174	1.039966303	13.28298423	Tumor
TCGA-CC-A5UE-01A-11R-A28V-07	1.536645548	2.324126873	1.986689219	0.981323243	2.067269415	2.664385884	8.34747024	Tumor
TCGA-DD-A4ND-01A-11R-A266-07	0.548615551	1.932153589	0.376012595	1.983760468	3.346558524	4.727172604	10.2654578	Tumor
TCGA-DD-A4NV-01A-11R-A311-07	0.469060197	1.52990796	1.140948575	2.05765662	3.891145653	2.440802658	7.099748681	Tumor
TCGA-EP-A3RK-01A-11R-A22L-07	1.227511141	2.031770547	1.916744989	1.517507632	1.931329901	2.349013108	10.43286401	Tumor
TCGA-DD-AAW3-01A-11R-A41C-07	0.497453614	1.318346198	1.532181097	1.52849096	2.323300482	1.371689986	7.808128448	Tumor
TCGA-DD-AADD-01A-11R-A41C-07	0.666541439	1.291400377	1.14414585	1.419435319	3.290018741	0.439362412	3.446849356	Tumor
TCGA-2Y-A9H7-01A-11R-A39D-07	0.92006887	1.637108448	1.390454815	1.488518707	3.091060628	1.861617114	6.33538277	Tumor
TCGA-DD-AADB-01A-11R-A41C-07	1.963062283	2.438285594	2.143812405	2.238013154	3.157590125	1.5195345	9.749181052	Tumor
TCGA-XR-A8TF-01A-11R-A36F-07	0.362212288	1.558013195	1.934058743	0.452759389	2.587293509	0.876760452	2.145738757	Tumor
TCGA-DD-AAD1-01A-11R-A41C-07	0.67132906	1.250990622	1.265241859	2.06292953	2.783667447	3.565799145	11.76353201	Tumor
TCGA-UB-A7MF-01A-11R-A33J-07	1.262770014	2.021220194	1.186889411	2.078541128	1.703385888	2.17845591	12.42618386	Tumor
TCGA-RC-A7SH-01A-11R-A38B-07	1.570786383	2.176056737	2.580042962	3.309858405	1.690092925	3.252775059	20.55835035	Tumor
TCGA-DD-AACV-01A-11R-A41C-07	0.167881475	2.267491025	2.046782341	1.558883245	1.58192104	0.531609606	8.386380774	Tumor
TCGA-HP-A5MZ-01A-21R-A27V-07	0.992267138	1.552283012	0.837384992	1.816247539	1.98865095	3.13426324	11.68236392	Tumor
TCGA-DD-AADY-01A-11R-A41C-07	0.545322552	1.372769906	1.694543502	1.368855271	1.970324648	1.149800517	7.860742178	Tumor
TCGA-LG-A9QC-01A-11R-A37K-07	0.97446381	0.878310856	1.666234685	1.078699705	2.498779007	3.10224267	8.488113711	Tumor
TCGA-G3-A25X-01A-11R-A16W-07	2.43355518	2.184657136	2.145932063	1.261539101	0.299329828	5.113986985	17.93506314	Tumor
TCGA-G3-A7M7-01A-12R-A352-07	1.291172196	1.932955073	1.228658903	2.177760843	1.994892585	2.151791575	12.20128731	Tumor
TCGA-DD-AAD5-01A-11R-A41C-07	1.484146716	1.975222884	2.175896522	2.729764311	0.098037456	5.698414272	24.99442815	Tumor
TCGA-DD-AAVW-01A-11R-A41C-07	0.353992564	1.121351948	0.926858997	1.072728198	2.909351542	2.90476833	5.952585306	Tumor
TCGA-RG-A7D4-01A-12R-A33R-07	0.65490511	1.567723096	1.792648697	1.16731505	2.060167979	1.860005637	7.7979429	Tumor
TCGA-BW-A5NQ-01A-11R-A27V-07	0.505356226	1.702173633	1.572961364	1.739390402	1.406493716	1.484361515	10.91955311	Tumor
TCGA-ZP-A9D0-01A-11R-A37K-07	0.753637754	1.72188645	0.490478763	1.432624428	3.406425916	1.113304747	3.277719204	Tumor
TCGA-DD-AADQ-01A-11R-A41C-07	0.772377319	1.950747305	1.657077936	2.200683059	1.639342539	2.531981673	13.79605738	Tumor
TCGA-DD-AAVZ-01A-11R-A41C-07	0.422469756	1.470652018	1.364863717	1.017322914	2.286602759	1.372783617	5.450820004	Tumor
TCGA-G3-A25T-01A-11R-A16W-07	2.09630329	1.516439361	1.892340663	2.544828228	1.879049662	3.883080504	17.73622999	Tumor
TCGA-ZP-A9CY-01A-11R-A38B-07	0.359808174	0.92368428	0.685710624	1.286335751	3.683184756	1.908052773	3.485705299	Tumor
TCGA-DD-AACD-01A-11R-A41C-07	0.861401193	1.957148918	1.74941625	1.097643204	0.392346251	2.907423421	12.86381283	Tumor
TCGA-G3-A7M8-01A-11R-A33R-07	0.958132453	1.52022436	0.7179934	0.591700386	2.336759251	2.143267607	4.218842016	Tumor
TCGA-G3-A6UC-01A-21R-A33J-07	0.495943332	1.255899205	1.019724859	1.456297188	2.545174751	0.445045292	5.236717662	Tumor
TCGA-DD-AADM-01A-11R-A41C-07	1.241860067	1.974308758	1.862631751	1.204864158	0.991537022	3.098368133	12.42491235	Tumor
TCGA-KR-A7K7-01A-11R-A33J-07	1.451719461	2.543409646	2.431429475	2.466096688	0.94715102	2.48887969	17.37077453	Tumor
TCGA-ED-A627-01A-12R-A311-07	0.325534919	0.968815599	0.771814968	1.477715964	4.893058282	3.212432473	3.119527029	Tumor
TCGA-RC-A7SK-01A-11R-A352-07	0.66471418	1.700030777	1.077197654	1.551161784	2.389739409	2.590533491	8.809065345	Tumor
TCGA-DD-A3A8-01A-11R-A22L-07	0.811216423	1.280008009	1.249818974	1.470680485	2.311584072	1.536356766	7.741174988	Tumor
TCGA-WX-AA46-01A-11R-A39D-07	0.39293738	0.829564683	0.805935215	0.773505598	4.774527256	2.111637582	-0.883453279	Tumor
TCGA-DD-A4NP-01A-11R-A28V-07	0.770846185	1.372156706	0.716179238	0.682795997	3.152198161	1.895824194	2.241454652	Tumor
TCGA-DD-A39V-01A-11R-A213-07	1.321929078	2.691174845	2.278407934	0.936996255	0.82139791	2.897971374	11.48522303	Tumor
TCGA-DD-AADV-01A-11R-A39D-07	0.501857404	2.769015856	2.072158296	1.346552682	2.968719947	1.798785952	5.724757734	Tumor
TCGA-FV-A3I1-01A-11R-A22L-07	1.299196228	0.831347992	0.376012595	0.986491518	2.39545423	2.134951054	5.986363622	Tumor
TCGA-G3-A3CI-01A-11R-A213-07	0.407399537	1.263303073	0.332867681	1.653822508	2.719362156	2.016186081	7.024117578	Tumor
TCGA-ED-A5KG-01A-11R-A27V-07	0.873579886	0.992930175	1.106146081	1.843583671	1.767329918	3.101463888	12.82042939	Tumor
TCGA-BD-A3EP-01A-11R-A22L-07	1.073673243	1.980926851	1.50956592	2.28779802	1.270723482	3.535527601	16.43377108	Tumor
TCGA-DD-AAVY-01A-11R-A41C-07	0.255323873	1.403921104	1.61749487	1.100548706	1.690862547	0.396002943	6.137446942	Tumor
TCGA-DD-AACU-01A-11R-A41C-07	0.521778712	1.540797729	1.020760965	1.207812797	2.028379293	1.661688191	6.952108392	Tumor
TCGA-DD-AADI-01A-11R-A41C-07	1.198844386	1.999694937	2.238801812	1.629455842	0.984914072	3.270837803	14.79311107	Tumor
TCGA-DD-AACA-02A-11R-A41C-07	0.493538833	1.098390609	1.360257878	1.147351452	3.452537363	2.23368051	4.551043315	Tumor
TCGA-CC-A8HU-01A-11R-A36F-07	1.346387024	1.977744725	1.912510377	2.177760843	2.596711779	2.138141392	11.3886778	Tumor
TCGA-DD-AAD6-01A-11R-A41C-07	1.266400733	1.984293016	2.525012015	1.52849096	2.65501787	2.588784274	9.678740074	Tumor
TCGA-G3-A25Z-01A-11R-A16W-07	0.990836496	1.786548714	1.858286671	1.535969722	2.115019613	2.429635214	10.11581859	Tumor
TCGA-5C-AAPD-01A-21R-A39D-07	1.76479084	2.859761917	2.289856315	2.670747709	0.650774308	3.485296019	20.16157405	Tumor
TCGA-DD-A4NS-01A-11R-A311-07	0.552294729	0.944219174	0.839697698	1.637375284	4.306436549	4.372867967	7.011529588	Tumor
TCGA-GJ-A9DB-01A-11R-A37K-07	0.93212422	1.625135958	1.212375581	1.939078326	1.703065578	3.117794145	13.17216187	Tumor
TCGA-XR-A8TE-01A-11R-A36F-07	0.33219065	0.785168603	1.136647112	1.862244952	3.544989965	1.764240557	6.565460522	Tumor
TCGA-DD-AAEA-01A-11R-A41C-07	1.879719453	1.990740109	1.371511052	2.391022181	2.404953215	2.058315962	12.41579941	Tumor
TCGA-DD-A4NL-01A-11R-A28V-07	0.412669956	1.44169662	0.472128464	1.234527476	3.38262412	2.481830362	4.296825968	Tumor
TCGA-4R-AA8I-01A-11R-A38B-07	0.747250054	2.227005546	0.684586865	0.791714546	2.789598801	1.893703957	3.042929472	Tumor
TCGA-YA-A8S7-01A-11R-A37K-07	1.768243703	2.101847227	1.845108855	3.708424308	1.768265226	2.482901326	20.43414794	Tumor
TCGA-G3-AAUZ-01A-11R-A38B-07	1.400701269	1.884553811	1.7544234	0.925007447	2.779514416	3.057156099	6.839173306	Tumor
TCGA-K7-A5RG-01A-11R-A28V-07	0.517559442	1.650608716	1.03912262	1.82540371	1.744564277	1.147116459	9.504358755	Tumor
TCGA-DD-AACT-01A-11R-A41C-07	0.980679244	1.6166591	1.94277302	2.654125493	3.615366421	2.241565662	11.05903742	Tumor
TCGA-DD-A73F-01A-11R-A32O-07	0.604987917	1.784362827	0.678176127	1.412420788	2.291673343	1.862022966	7.003518567	Tumor
TCGA-FV-A4ZQ-01A-11R-A266-07	1.197445692	1.947407177	1.485916741	1.543594391	1.689769253	1.614036897	9.74864778	Tumor
TCGA-NI-A4U2-01A-11R-A28V-07	0.648495734	1.233477315	0.518055521	1.159024537	1.781359784	2.302608156	7.973574217	Tumor
TCGA-CC-A3MA-01A-11R-A213-07	1.039494833	1.56321557	2.588771293	2.046838883	1.169423879	4.087916013	17.7077257	Tumor
TCGA-DD-AADW-01A-11R-A39D-07	0.867391629	1.609838135	1.506331163	2.818994185	2.068610423	2.638686582	15.59230213	Tumor
TCGA-DD-A1EG-01A-11R-A213-07	1.345413866	1.74678236	1.561856274	2.132505639	1.460735739	2.260608043	13.93983876	Tumor
TCGA-CC-5259-01A-31R-A213-07	1.919389473	1.865978288	1.896200779	2.073627696	1.242910725	4.386718548	17.69238375	Tumor
TCGA-DD-AAD3-01A-11R-A41C-07	0.477961866	1.280008009	1.071165634	1.653822508	2.069611897	2.317902945	9.789679642	Tumor
TCGA-BC-A8YO-01A-11R-A37K-07	0.915112356	1.908878019	1.516990938	0.692956769	1.447054346	1.365361171	6.319264295	Tumor
TCGA-CC-A8HV-01A-11R-A36F-07	1.521734072	2.394191762	2.764458793	3.424934823	2.928290608	3.886913086	18.88476438	Tumor
TCGA-GJ-A6C0-01A-12R-A311-07	1.152551775	2.065892677	1.515763698	3.154835529	1.729914697	2.203512889	17.15852839	Tumor
TCGA-DD-A73A-01A-12R-A32O-07	0.775472834	1.803380507	1.449463668	1.964245817	3.225727711	2.181606589	8.315213827	Tumor
TCGA-MI-A75G-01A-11R-A32O-07	0.715355071	1.556203829	1.63943432	1.857567311	2.282939378	2.058315962	10.31261933	Tumor
TCGA-G3-AAV2-01A-11R-A37K-07	0.821490064	1.561300078	1.298752866	2.160581619	2.584919346	2.316884819	10.91612843	Tumor
TCGA-DD-AAE1-01A-11R-A41C-07	0.86014134	1.813689048	2.145384546	1.857567311	3.500370272	1.079109113	6.436813732	Tumor
TCGA-CC-A3MB-01A-11R-A213-07	1.473620344	1.590810326	1.882660375	2.171833469	2.486031215	0.813875186	10.11860778	Tumor
TCGA-DD-A4NR-01A-11R-A311-07	1.138924587	1.693881804	1.221887598	2.544828228	2.249662086	3.633970896	15.16475155	Tumor
TCGA-DD-A3A4-01A-11R-A22L-07	0.712313997	1.392440965	0.853553508	1.574260484	2.490043247	1.304611513	6.910077066	Tumor
TCGA-DD-AACL-01A-11R-A41C-07	1.441606528	2.658303231	2.104629312	2.25070214	0.952799375	4.655723844	18.97850801	Tumor
TCGA-UB-A7MA-01A-11R-A33R-07	1.435175375	3.878791601	4.323298702	2.25070214	1.74170403	4.49676009	18.30870259	Tumor
TCGA-DD-AADU-01A-11R-A41C-07	0.953708234	1.232362039	1.612697709	1.159024537	2.198993657	2.944999264	9.078050841	Tumor
TCGA-CC-A9FU-01A-11R-A37K-07	1.804344678	1.806198141	1.870242589	3.042337937	3.276850009	0.931787624	12.05257869	Tumor
TCGA-KR-A7K2-01A-12R-A33R-07	1.51892353	2.309970811	2.165527214	2.791001046	1.010526737	3.722135324	20.15853707	Tumor
TCGA-CC-A8HS-01A-11R-A36F-07	1.372035721	2.200476646	1.553417539	2.87553286	2.64277478	3.247692874	15.2377436	Tumor
TCGA-DD-A3A3-01A-11R-A22L-07	1.019425718	2.082599067	1.567563376	0.915436177	1.47756658	2.294529471	8.443798359	Tumor
TCGA-DD-AACO-01A-11R-A41C-07	1.436711972	1.066686777	1.028647145	0.047306699	0.363176035	3.927486563	10.03408535	Tumor
TCGA-RC-A6M4-01A-11R-A32O-07	0.719609263	1.602583625	1.621696171	0.823146481	2.423249325	1.708377884	5.101716895	Tumor
TCGA-UB-AA0U-01A-11R-A38B-07	0.637530399	0.678613521	1.032813751	1.771067816	3.833983677	2.372123225	6.429773848	Tumor
TCGA-G3-A5SM-01A-12R-A28V-07	0.994336306	1.833654431	1.303498661	1.187466513	2.457913952	2.362927181	7.142436685	Tumor
TCGA-DD-A39Z-01A-11R-A213-07	1.787526132	2.059856368	1.633421802	1.726489285	1.926957989	2.485556587	11.53592375	Tumor
TCGA-DD-A4NG-01A-11R-A27V-07	0.399607111	0.472814669	1.507162126	1.402295972	2.28014473	1.442931975	7.891375076	Tumor
TCGA-CC-A7IF-01A-11R-A33J-07	0.975086595	1.674037017	1.340928907	1.463671135	2.749884169	2.468062871	7.848510955	Tumor
TCGA-DD-AACQ-01A-11R-A41C-07	1.200140557	2.087811363	1.661467094	0.55875589	1.246405827	2.601037246	8.119721282	Tumor
TCGA-ED-A8O5-01A-11R-A36F-07	0.364755973	1.453190267	1.048488108	2.089108513	3.505553744	2.124163771	7.644000564	Tumor
TCGA-BC-A69H-01A-11R-A311-07	2.117615818	2.803631411	2.354316406	2.451500592	0.624115695	3.457461372	19.56909948	Tumor
TCGA-DD-AAEE-01A-11R-A41C-07	1.114005595	1.940907296	1.745875532	1.048571343	2.533219606	1.931279234	6.235946206	Tumor
TCGA-ED-A7PY-01A-11R-A33R-07	0.712626441	1.803380507	1.709842955	1.467029373	1.426894175	2.469703126	11.25070373	Tumor
TCGA-DD-AADL-01A-11R-A41C-07	0.817094328	1.785810182	1.321475274	1.392380912	1.999152883	0.978542531	7.205104315	Tumor
TCGA-G3-AAV3-01A-11R-A37K-07	1.014229603	1.544491528	1.336518757	1.261539101	2.1535008	3.167703294	9.500920408	Tumor
TCGA-CC-A7IL-01A-11R-A33R-07	0.780650467	1.111426712	1.241486171	0.80494648	2.106777684	0.944846229	4.717334217	Tumor
TCGA-CC-A7II-01A-11R-A33J-07	4.64760733	3.588736701	3.256494547	1.983760468	0.973815805	6.38509937	22.60209776	Tumor
TCGA-WX-AA44-01A-11R-A39D-07	1.211543592	1.756642971	1.603459226	2.630188641	1.981189401	4.131303986	17.2380565	Tumor
TCGA-G3-A25Y-01A-11R-A16W-07	1.099054726	1.556785497	1.951986671	2.041277519	1.054264048	2.802778765	15.64001795	Tumor
TCGA-G3-A3CH-01A-11R-A22L-07	0.597224084	1.687470398	1.421359557	0.480134167	2.943431566	2.179915329	2.698446083	Tumor
TCGA-G3-A5SL-01A-11R-A27V-07	0.931327805	1.287721247	0.998172603	0.729136491	1.768618797	2.252751897	6.737683682	Tumor
TCGA-DD-AAEG-01A-11R-A39D-07	1.148856328	2.139019131	1.978254029	1.419435319	2.101341987	2.331852692	9.532172824	Tumor
TCGA-BC-A5W4-01A-11R-A28V-07	0.929002238	2.555143935	1.998193679	2.599259146	1.808590784	1.138530919	13.25277702	Tumor
TCGA-5C-A9VH-01A-11R-A37K-07	1.074601645	1.619224906	1.755308242	2.480409803	1.677156055	3.725507841	16.95778396	Tumor
TCGA-FV-A496-01A-11R-A266-07	0.818836266	2.501978625	1.812514666	1.582266259	2.275150671	1.664818144	8.321848131	Tumor
TCGA-5R-AA1D-01A-11R-A38B-07	0.718118149	1.163448632	0.657420083	2.025521592	2.658218946	3.480520034	11.27518286	Tumor
TCGA-FV-A4ZP-01A-12R-A266-07	2.78770599	3.08202359	2.141702787	2.281644503	0.231050451	4.429482517	21.14840416	Tumor
TCGA-QA-A7B7-01A-11R-A32O-07	0.689064673	2.357352574	1.583318945	2.132505639	1.714478393	1.287229752	11.2856683	Tumor
TCGA-ED-A4XI-01A-11R-A266-07	0.484346738	1.15452444	0.702773813	1.12789795	3.767079198	2.314337187	3.116094489	Tumor
TCGA-MR-A520-01A-11R-A266-07	0.687828057	1.412166955	0.130462132	1.277228599	3.129004227	1.303942168	3.348310403	Tumor
TCGA-G3-A5SK-01A-11R-A27V-07	0.323978834	1.002738933	0.385695881	1.24677731	4.700950115	0.536980243	-1.394675935	Tumor
TCGA-WQ-AB4B-01A-11R-A41C-07	1.24627345	1.876788311	1.736070267	2.004396599	0.854870372	3.468056222	16.55726369	Tumor
TCGA-DD-AAW1-01A-11R-A41C-07	0.652453426	1.222978646	0.999630935	1.041047696	2.831494913	1.59892044	4.434469081	Tumor
TCGA-DD-AAVV-01A-11R-A41C-07	1.476778202	1.442368565	1.093366102	1.637375284	1.879049662	3.483401033	12.27004421	Tumor
TCGA-DD-AACX-01A-11R-A41C-07	0.846081212	1.593553488	1.81994538	2.747125111	2.138693228	0.41089275	12.41886778	Tumor
TCGA-2Y-A9H9-01A-21R-A39D-07	0.645418234	1.675033576	1.366817596	0.998951286	1.921569781	2.576193182	7.906459247	Tumor
TCGA-DD-AADJ-01A-11R-A41C-07	0.813651379	2.010330703	1.732480276	1.852874227	2.190276535	1.801611591	10.05814547	Tumor
TCGA-EP-A2KA-01A-11R-A180-07	1.28171638	1.203630881	2.118679988	2.978335219	2.353199771	1.375773135	14.94444043	Tumor
TCGA-ZS-A9CF-02A-11R-A38B-07	0.481147736	0.650905574	0.529052366	1.722264984	2.591815976	1.503599826	7.528364531	Tumor
TCGA-G3-A5SJ-01A-11R-A27V-07	1.069845809	1.922448363	2.046269489	2.800468648	0.415689046	2.234627485	19.49805784	Tumor
TCGA-DD-AADR-01A-11R-A41C-07	0.751491314	1.837427087	1.999157664	0.764676409	2.22158759	2.162306568	6.219002344	Tumor
TCGA-ED-A7XO-01A-11R-A352-07	0.922233404	2.299937777	1.523158875	1.87589837	3.964238669	2.821895922	6.862771672	Tumor
TCGA-LG-A6GG-01A-11R-A311-07	0.259255441	1.252668871	0.945842613	1.574260484	2.654623729	1.59892044	6.812533352	Tumor
TCGA-DD-A4NA-01A-11R-A266-07	1.181477301	1.228529511	0.457898748	2.331856227	0.042479216	2.290270129	17.41445216	Tumor
TCGA-T1-A6J8-01A-11R-A32O-07	0.741082549	2.059856368	1.109342212	0.707776176	2.52034028	1.757605717	3.682167682	Tumor
TCGA-WX-AA47-01A-11R-A39D-07	1.07983515	2.10529036	1.308099647	2.417999746	1.270723482	2.540498242	15.36988687	Tumor
TCGA-ED-A97K-01A-21R-A38B-07	0.878187396	0	0.768201943	2.213143908	3.422559083	3.841056099	11.55666965	Tumor
TCGA-DD-AADO-01A-11R-A41C-07	1.774988319	2.165087953	2.013598631	1.802686013	0.563280769	2.967114141	16.16291632	Tumor
TCGA-DD-A73G-01A-22R-A32O-07	2.420756252	2.777341981	1.760225077	2.352409281	0.953119146	3.397477798	17.86652473	Tumor
TCGA-CC-A8HT-01A-11R-A36F-07	1.53987492	2.40053024	2.300373673	3.337580687	0.877020776	1.688071993	20.13341736	Tumor
TCGA-FV-A2QR-01A-11R-A213-07	0.812730919	1.684653096	1.245938579	1.82540371	2.563373115	2.285508314	9.38710501	Tumor
TCGA-ZP-A9D2-01A-11R-A38B-07	1.110565693	2.097425371	1.700641171	2.410920591	1.190481432	1.764240557	14.90086372	Tumor
TCGA-CC-A7IH-01A-11R-A33J-07	0.724494101	1.289385401	1.171160032	0.954185253	3.947137428	2.124163771	2.211596562	Tumor
TCGA-CC-A9FV-01A-11R-A37K-07	1.300533041	1.410442654	0.764885868	4.524967077	0.200865013	6.567772026	32.29266431	Tumor
TCGA-5C-A9VG-01A-11R-A37K-07	1.088313779	1.978463293	1.147714067	1.852874227	2.833265575	3.480520034	10.34435511	Tumor
TCGA-2Y-A9H1-01A-11R-A38B-07	1.360257054	2.120524097	1.969803758	1.333879759	0.554526008	2.771883095	13.68983919	Tumor
TCGA-ED-A66X-01A-11R-A311-07	1.063778559	1.95637424	2.037947238	2.183589941	2.191677234	3.780436249	14.59663614	Tumor
TCGA-UB-A7MD-01A-12R-A352-07	0.809093611	2.038447958	1.394385986	2.866628819	1.145655498	2.42794823	17.37943748	Tumor
TCGA-DD-AACH-01A-11R-A41C-07	1.448284263	1.461571318	1.878929943	2.16646522	1.244778505	5.994061841	20.19263098	Tumor
TCGA-EP-A26S-01A-11R-A16W-07	0.542808491	1.686746085	1.25293639	0.802760418	1.842215418	1.303575923	5.378874709	Tumor
TCGA-DD-AADG-01A-11R-A41C-07	0.629921991	1.531186687	1.566746519	1.261539101	2.244481798	2.124163771	7.881254969	Tumor
TCGA-DD-A4NO-01A-11R-A28V-07	0.756707413	1.554844102	1.575820584	1.222456515	2.483514308	1.719791146	6.653079931	Tumor
TCGA-2Y-A9H6-01A-11R-A39D-07	1.049397146	1.501819609	0.919542075	1.988670026	2.931481669	2.91496915	9.940778055	Tumor
TCGA-DD-AACF-01A-11R-A41C-07	0.467244446	1.492726892	1.703252648	1.062293513	1.605546384	1.999919339	8.507263503	Tumor
TCGA-2Y-A9H2-01A-12R-A38B-07	0.971339567	0.601200528	1.525739371	1.670037076	0.551125296	2.223653729	14.59335855	Tumor
TCGA-DD-AAE3-01A-11R-A41C-07	0.629007767	1.533748155	1.889409227	1.119582826	1.805461729	3.327042913	10.30325961	Tumor
TCGA-MI-A75I-01A-11R-A32O-07	0.963462648	1.734724296	1.39161155	1.752760397	1.382797541	1.868643481	11.6206003	Tumor
TCGA-DD-AADN-01A-11R-A41C-07	2.240283652	2.744976736	2.293364668	2.884772271	0.299329828	2.270612923	20.6327926	Tumor
TCGA-DD-AAE2-01A-11R-A41C-07	0.670712811	2.003027449	1.288098639	1.665627653	2.609155609	1.442226492	7.237508675	Tumor
TCGA-DD-AAVP-01A-11R-A41C-07	1.547166197	1.916115919	1.484492245	2.16646522	1.876823018	3.15971198	14.21640851	Tumor
TCGA-DD-A1EK-01A-11R-A213-07	0.855202	1.649249172	1.041917091	2.729764311	1.284850074	1.796738217	15.51478104	Tumor
TCGA-G3-A3CK-01A-11R-A213-07	0.684471043	1.471291958	0.938539295	0.631084705	2.09936591	1.561226987	4.269694186	Tumor
TCGA-DD-AAVU-01A-11R-A41C-07	1.358189438	2.465710177	2.00673125	1.392380912	1.461043054	2.291059737	10.89483597	Tumor
TCGA-HP-A5N0-01A-11R-A28V-07	0.551087337	1.428922197	0.939555063	1.839154525	2.184048546	3.673968213	11.94385058	Tumor
TCGA-XR-A8TD-01A-12R-A39D-07	0.446778862	1.538275719	1.316097302	1.949013309	2.362605132	3.604599799	12.12248639	Tumor
TCGA-CC-A5UD-01A-11R-A28V-07	1.448975744	1.732563289	1.712143377	2.560312931	1.097850723	2.436020726	17.08497073	Tumor
TCGA-DD-A4NH-01A-11R-A27V-07	1.276625824	1.386466757	1.733376065	2.721328125	1.475758708	3.397477798	18.25492328	Tumor
TCGA-DD-AADC-01A-11R-A41C-07	1.241860067	3.142174824	3.573353279	1.041047696	2.875649275	2.650413424	7.517746798	Tumor
TCGA-ZS-A9CD-01A-11R-A37K-07	1.159378654	1.63641728	1.570438631	2.121636056	1.864985677	2.953635745	13.8015162	Tumor
TCGA-FV-A2QQ-01A-11R-A22L-07	1.307026568	2.229014011	1.872696068	1.953797197	1.486699072	2.077027229	12.88050937	Tumor
TCGA-DD-AADK-01A-11R-A41C-07	1.337234785	1.723330762	1.65794491	1.442604483	2.243784175	3.321037826	10.65000005	Tumor
TCGA-DD-AAE6-01A-11R-A41C-07	1.245613824	1.780755509	1.981205692	2.501744817	2.120015923	1.371330608	13.01171821	Tumor
TCGA-DD-AAE7-01A-11R-A41C-07	1.787155766	1.691030259	1.102715989	0.867554117	3.667947717	3.040834046	4.086084716	Tumor
TCGA-DD-A73E-01A-12R-A32O-07	0.370479872	1.446737801	0.952326823	2.004396599	2.73663578	1.873211033	8.748803794	Tumor
TCGA-DD-A3A2-01A-11R-A213-07	0.529129779	1.350590247	0.830824072	1.225547968	4.574749673	1.331290809	0.255308293	Tumor
TCGA-EP-A2KC-01A-11R-A213-07	0.656742782	1.785810182	1.787244926	1.820650783	2.439719472	2.398987002	10.21039336	Tumor
TCGA-K7-A5RF-01A-11R-A28V-07	0.226198119	1.300131424	0.352086173	1.124945437	4.753670333	2.838274348	0.805469096	Tumor
TCGA-G3-AAV6-01A-21R-A37K-07	1.128434822	2.326213882	1.561418293	2.654125493	2.554917994	3.831523947	15.10270108	Tumor
TCGA-ZS-A9CF-01A-11R-A38B-07	0.510411644	0.776353904	0.324911623	2.313085595	3.254783507	1.653597055	8.330011944	Tumor
TCGA-DD-AAED-01A-12R-A41C-07	0.973237615	1.588168245	2.216150345	1.848250047	1.59083258	3.737878071	14.94267774	Tumor
TCGA-DD-A4NK-01A-11R-A28V-07	0.549090388	1.190228372	0.90644966	1.009480354	2.56027183	1.876564549	5.209019506	Tumor
TCGA-G3-A5SI-01A-31R-A27V-07	0.640261828	1.809919285	1.671947129	1.752760397	2.457575533	1.829515424	8.974398646	Tumor
TCGA-MI-A75C-01A-11R-A32O-07	1.526344213	1.74678236	2.104629312	1.477715964	1.476989414	2.20978799	11.7197219	Tumor
TCGA-DD-AACC-01A-11R-A41C-07	1.126180087	1.806996731	1.38731888	1.40561274	3.013688644	2.582980092	7.167851814	Tumor
TCGA-MR-A8JO-01A-12R-A36F-07	0.867071626	1.345484826	1.104159093	2.781773742	1.860171287	5.346643167	19.35814706	Tumor
TCGA-ED-A7XP-01A-11R-A352-07	0.754548458	1.709758223	1.357150793	1.422702021	2.714028919	2.397969489	7.536433284	Tumor
TCGA-2Y-A9GY-01A-11R-A38B-07	1.561828689	1.643861717	1.557732324	2.009827745	1.753504847	2.151791575	12.73994579	Tumor
TCGA-DD-AAE0-01A-11R-A41C-07	1.633259818	2.482783899	2.795077589	2.95714405	1.300203089	4.070674351	21.20606053	Tumor
TCGA-DD-A4NN-01A-11R-A28V-07	1.426490443	2.087811363	2.048384257	2.935580073	2.142797931	2.33538755	16.07466507	Tumor
TCGA-DD-AACA-02B-11R-A41C-07	1.07983515	1.935313449	2.098855297	1.488518707	2.664704588	2.417752321	8.753692969	Tumor
TCGA-DD-AACA-01A-11R-A41C-07	0.267669304	1.049718509	1.54291912	1.722264984	2.998833733	2.075179245	7.947830093	Tumor
TCGA-ZP-A9D1-01A-11R-A38B-07	0.656441654	1.555499637	1.69931347	1.771067816	1.395312732	2.938694262	13.3419783	Tumor
TCGA-CC-A9FW-01A-11R-A37K-07	0.780373385	1.580931323	1.781260963	1.359542033	2.83652765	1.063709558	5.679574602	Tumor
TCGA-G3-AAV5-01A-11R-A37K-07	1.078386408	2.054661719	2.174832531	1.80686985	2.636821466	1.930015977	9.50793113	Tumor
TCGA-DD-AAVS-01A-11R-A41C-07	0.588718195	1.622499314	1.632982169	1.193281656	2.380941488	2.649187001	7.955956583	Tumor
TCGA-2Y-A9GZ-01A-11R-A39D-07	0.511472776	1.675033576	1.030718472	0.447347246	2.469791652	1.141802534	1.892677853	Tumor
TCGA-BD-A2L6-01A-11R-A213-07	1.310061856	1.868292528	1.490607713	2.256796475	1.163566039	2.580803226	15.46247177	Tumor
TCGA-DD-A1ED-01A-11R-A155-07	0.437571705	0.744445568	0.347457707	0.269186146	2.762592271	1.833590372	1.181285678	Tumor
TCGA-O8-A75V-01A-11R-A32O-07	1.266400733	1.790938754	1.655744944	1.78439525	2.350322152	2.843583336	11.09902082	Tumor
TCGA-2Y-A9H4-01A-11R-A38B-07	1.430714479	2.188478868	2.194599828	1.722264984	1.256063527	2.118094485	12.94282384	Tumor
TCGA-G3-AAV7-01A-11R-A38B-07	2.215721014	3.011178587	2.757046049	2.56768154	1.158887175	2.50622955	17.79582188	Tumor
TCGA-DD-A39W-01A-11R-A213-07	0.547133267	0.888026272	0.764885868	0.986491518	3.231975901	0.508110309	1.651005073	Tumor
TCGA-ZS-A9CE-01A-11R-A37K-07	0.628701534	1.812945304	1.660143361	1.752760397	2.194377275	1.169970779	8.710307981	Tumor
TCGA-ZP-A9CV-01A-11R-A38B-07	1.287793531	0.399988522	0.429089814	2.231787638	2.089860352	1.252441101	11.08253646	Tumor
TCGA-DD-AACW-01A-11R-A41C-07	1.242888752	1.815166998	1.802323916	1.419435319	2.949259289	1.722612424	6.697352028	Tumor
TCGA-FV-A3R2-01A-11R-A22L-07	0.924810345	1.934155447	1.094443604	1.343359918	2.684104655	0.819150436	4.852944395	Tumor
TCGA-DD-AAVX-01A-11R-A41C-07	0.246859238	1.466978167	1.253700278	0.991424447	2.108620761	1.918235866	6.304873524	Tumor
TCGA-EP-A3JL-01A-11R-A213-07	1.280039236	2.064101304	1.663637298	2.041277519	1.933633366	3.029856302	13.31057181	Tumor
TCGA-G3-A7M9-01A-23R-A352-07	0.885968775	2.938581562	2.076186791	2.866628819	1.643646344	3.450758424	17.73175333	Tumor
TCGA-DD-AACS-01A-11R-A41C-07	0.695124891	1.685358712	1.415843086	0.996475417	2.595968552	0.853105663	3.985889615	Tumor
TCGA-DD-AADF-01A-11R-A41C-07	1.712712218	2.890326347	2.17753446	1.714074544	1.306302471	2.40324254	12.90723275	Tumor
TCGA-BC-A3KG-01A-11R-A213-07	0.606806954	0.961119459	0.525230812	2.915383002	0.369908264	2.430193543	19.14261685	Tumor
TCGA-DD-AACE-01A-11R-A41C-07	0.642419983	1.468170553	0.914483598	1.999222182	2.549055813	2.121778371	9.631403879	Tumor
TCGA-DD-AACB-01A-11R-A41C-07	1.271658329	1.908878019	1.504733164	1.857567311	1.562500808	2.488289049	12.64637675	Tumor
TCGA-DD-AACY-01A-11R-A41C-07	0.578223425	1.622499314	1.330626387	1.973871597	1.835863099	2.106405618	11.54010226	Tumor
TCGA-DD-A3A9-01A-11R-A266-07	1.828738838	2.181689181	2.124508585	2.925544935	2.519617403	3.617038973	17.0917452	Tumor
TCGA-BC-A69I-01A-11R-A311-07	1.096664227	1.654708781	1.295287239	1.219594881	2.034014618	3.111538114	9.48481476	Tumor
TCGA-DD-AADA-01A-11R-A41C-07	1.06810829	1.498680084	1.36371336	1.752760397	3.083834352	3.408446582	9.693069413	Tumor
TCGA-BC-A217-01A-11R-A155-07	0.607264907	1.996466723	2.132574142	1.625788104	0.634455321	2.50069976	14.1510695	Tumor
TCGA-CC-A3MC-01A-11R-A22L-07	1.586980301	1.650608716	1.259256507	1.649641124	1.940069424	2.871436424	11.45275868	Tumor
TCGA-RC-A7S9-01A-11R-A33R-07	1.454130718	2.223248025	1.607180521	2.721328125	2.737485571	3.974771187	15.42552399	Tumor
TCGA-CC-A7IK-01A-12R-A33R-07	0.268583801	1.540797729	1.214622442	1.551161784	2.073564301	0.738224847	7.083966349	Tumor
TCGA-5R-AAAM-01A-12R-A41C-07	0.615646524	1.405090251	1.260183477	1.409017624	4.167755824	2.942906847	4.645712198	Tumor
TCGA-DD-AACP-01A-11R-A41C-07	1.493247368	1.254775994	1.850274805	2.712538508	2.059140007	2.302608156	15.62653266	Tumor
TCGA-MI-A75E-01A-11R-A32O-07	1.252564559	1.534428534	1.53669726	1.586308288	3.144446143	2.434952635	7.787935704	Tumor
TCGA-DD-A39X-01A-11R-A213-07	1.328521259	3.138699138	1.471019111	3.09575341	1.222929229	2.934563478	18.57315752	Tumor
TCGA-DD-A4NJ-01A-11R-A27V-07	0.815537265	0.781629483	1.042610197	1.243768402	1.958635243	2.255199741	8.711673185	Tumor
TCGA-WQ-A9G7-01A-11R-A37K-07	1.689786891	2.058180119	2.210233122	3.864952547	1.8944829	4.199738837	23.44157251	Tumor
TCGA-DD-AA3A-01A-11R-A37K-07	1.079181109	1.39543127	2.379887815	2.704696347	0.403839848	3.494990796	21.46911302	Tumor
TCGA-ED-A66Y-01A-11R-A311-07	1.276799252	1.949076321	2.356758428	3.931548476	3.912212647	3.153260114	17.32327994	Tumor
TCGA-DD-AAD0-01A-11R-A41C-07	0.867391629	1.538275719	1.428751329	1.757218595	2.453155136	1.341984708	8.395858855	Tumor
TCGA-G3-A25S-01A-11R-A16W-07	1.784886967	2.1196304	1.835868421	1.78439525	1.259099701	1.901244087	12.79497931	Tumor
TCGA-2Y-A9H8-01A-11R-A39D-07	0.940830574	1.862960645	1.372680993	1.964245817	1.835558376	2.243455264	11.79763783	Tumor
TCGA-BD-A3ER-01A-11R-A213-07	1.09585975	1.522234865	1.349376142	2.014944332	2.521884609	2.377360042	10.77250555	Tumor
TCGA-CC-A7IJ-01A-11R-A33R-07	1.720677345	2.30896052	1.997683936	2.219293817	0	1.094442579	16.63981594	Tumor
TCGA-DD-A4NF-01A-11R-A27V-07	0.680211903	0.775913813	0.637511201	1.40561274	2.697050055	1.133232528	5.588236751	Tumor
TCGA-UB-A7ME-01A-11R-A33J-07	0.572954809	1.577665085	1.329083668	1.474160359	2.142151239	2.252256382	8.904132808	Tumor
TCGA-UB-AA0V-01A-11R-A38B-07	0.313991068	0.794527044	0.831505366	1.009480354	5.099917876	2.918432731	0.399081435	Tumor
TCGA-BC-A216-01A-11R-A155-07	0.588127277	1.769280486	1.18779694	2.437821334	1.961851662	2.557715254	13.57025581	Tumor
TCGA-G3-AAV1-01A-11R-A38B-07	0.298033295	1.266111502	1.273187431	1.086689251	2.97226602	1.853008995	4.663333554	Tumor
TCGA-LG-A9QD-01A-11R-A38B-07	1.53987492	1.734724296	1.202671178	1.336914245	2.213277037	2.806780481	9.246357849	Tumor
TCGA-EP-A2KB-01A-11R-A180-07	0.778540174	1.989957353	1.700194052	1.761821584	3.603294021	2.383715358	6.950537046	Tumor
TCGA-DD-AAVR-01A-11R-A41C-07	1.001513011	1.561938463	1.345923507	0.778074044	1.585480138	3.184707975	8.876410038	Tumor
TCGA-DD-AAEK-01A-11R-A41C-07	0.937638474	0.893169983	1.069196174	1.517507632	2.732349734	2.328779748	8.095037269	Tumor
TCGA-UB-A7MC-01A-11R-A33R-07	0.662219901	1.734017779	1.949118435	1.231585275	2.622533535	1.728915798	6.572691879	Tumor
TCGA-CC-A9FS-01A-11R-A37K-07	1.073363228	1.741768271	2.224685541	0.903274807	4.034283613	1.635443191	2.106583592	Tumor
TCGA-UB-A7MB-01A-11R-A33R-07	1.31756068	2.012845763	1.657077936	1.793434424	1.521327977	0.674708389	10.14684083	Tumor
TCGA-DD-A73C-01A-12R-A33J-07	0.501075404	1.112465269	0.221440758	1.439286937	3.022034099	1.563093043	4.799005866	Tumor
TCGA-DD-A4NI-01A-11R-A27V-07	0.417091547	1.105117949	0.746861952	0.293520281	3.472710156	1.810209869	-0.318388623	Tumor
TCGA-DD-AAW0-01A-11R-A41C-07	0.70816044	1.422290942	1.455032593	1.343359918	3.194335935	1.813483327	5.472222754	Tumor
TCGA-XR-A8TC-01A-11R-A36F-07	0.54158042	1.238377272	1.413878823	1.402295972	3.016529165	1.496237227	5.69825432	Tumor
TCGA-DD-AADP-01A-11R-A39D-07	0.420373522	1.749625895	1.585656475	0.92268165	2.804194407	2.542256706	5.414778549	Tumor
TCGA-DD-A3A5-01A-11R-A22L-07	0.74969249	2.082599067	1.082131573	1.280183164	2.450302909	2.856838146	7.710695128	Tumor
TCGA-BW-A5NP-01A-11R-A27V-07	0.499880035	1.874427669	1.932690172	2.244422523	3.188900947	2.157062107	9.828142335	Tumor
TCGA-BW-A5NO-01A-11R-A27V-07	0.564518596	2.166837676	1.936452517	1.502154691	1.086182257	2.229365429	11.83679287	Tumor
TCGA-FV-A3I0-01A-11R-A22L-07	1.548633281	1.826939544	2.370141302	2.781773742	0.225883693	3.284496736	21.95785631	Tumor
TCGA-2Y-A9HB-01A-11R-A39D-07	0.645734197	1.413249838	0.963797296	1.513514936	2.362605132	2.284549009	8.348388862	Tumor
TCGA-G3-A25U-01A-11R-A16W-07	0.98354458	1.589506077	1.706412474	1.204864158	1.514866095	0.973207929	8.191123907	Tumor
TCGA-KR-A7K0-01A-12R-A33R-07	0.642267869	1.340604866	1.110410095	1.959254954	2.529128992	3.048285973	11.03123648	Tumor
TCGA-DD-AAC9-01A-11R-A41C-07	0.997511614	1.658809562	1.193166371	1.138964453	2.645534854	3.788739059	8.396722568	Tumor
TCGA-PD-A5DF-01A-11R-A27V-07	0.858936848	1.777897906	1.102891769	1.586308288	1.129276796	3.003798353	12.70282441	Tumor
TCGA-BC-4072-01B-11R-A155-07	0.963742089	1.164468622	0.932410594	2.338414938	2.237766397	2.20978799	12.3237227	Tumor
TCGA-DD-AAD8-01A-11R-A41C-07	1.168783564	1.485181416	1.389287496	1.82540371	0.845235546	3.44132153	15.63177684	Tumor
TCGA-RC-A6M5-01A-11R-A32O-07	0.75979909	1.361097352	0.843328417	2.856999055	1.999776824	2.704322058	15.43548933	Tumor
TCGA-DD-A3A1-01A-11R-A213-07	1.162268187	1.629707673	1.609273022	1.983760468	1.872014527	1.315804991	11.03771306	Tumor
TCGA-CC-A7IG-01A-11R-A33J-07	1.814276568	2.36677372	2.149758565	3.268797568	0.911978572	3.27345232	21.92817897	Tumor
TCGA-2Y-A9H3-01A-11R-A38B-07	1.796532146	2.653207596	1.937837526	1.881007655	1.07452781	3.926135717	16.183853	Tumor
TCGA-DD-AAEH-01A-11R-A41C-07	0.706421083	1.351753215	1.21389892	0.925007447	3.00815318	2.634189935	5.078313546	Tumor
TCGA-DD-AACJ-01A-11R-A41C-07	1.189296211	2.163240685	1.79218178	1.761821584	1.865617901	1.311154926	9.998827574	Tumor
TCGA-DD-A4NE-01A-11R-A27V-07	0.613905016	1.422909994	0.958285588	1.871182217	2.205315344	2.184279822	10.07438226	Tumor
TCGA-DD-A1EC-01A-21R-A131-07	1.143758404	1.0855131	1.1513416	2.116545375	1.17001454	1.813058773	13.84453487	Tumor
TCGA-CC-A7IE-01A-21R-A38B-07	0.948459646	1.439269211	1.484089257	3.323923225	2.473163364	3.078918184	17.44212513	Tumor
TCGA-BC-A10X-01A-11R-A131-07	0.210398726	0.828685766	0.580468033	1.094937994	5.228930822	2.446268744	-0.524452504	Tumor
TCGA-CC-5260-01A-01R-A131-07	1.01550393	0.909904489	1.965737448	2.60662962	0.068670656	2.931757296	20.95546594	Tumor
TCGA-DD-A11B-01A-11R-A131-07	0.370060081	1.334595004	0.913157828	0.9517648	3.570689267	0.763170432	0.800506267	Tumor
TCGA-CC-5261-01A-01R-A131-07	1.272709067	1.234028908	1.463134355	2.847548857	2.310864891	2.530912624	15.38470232	Tumor
TCGA-BC-A10Q-01A-11R-A131-07	1.442797175	1.411003779	1.705526945	2.359029825	0.089757369	2.394241444	18.83478497	Tumor
TCGA-DD-AAW2-01A-11R-A41C-07	0.033378684	1.134140558	1.362967032	1.598366459	2.335659339	1.897891024	8.451742804	Tumor
TCGA-MI-A75H-01A-11R-A32O-07	0.767735335	1.852736023	1.482159347	1.766498669	2.206734519	2.314337187	10.16364084	Tumor
TCGA-DD-AACN-01A-11R-A41C-07	0.551679868	1.657478656	1.81994538	1.811662389	3.585995587	1.965941748	6.819600413	Tumor
TCGA-2Y-A9GU-01A-11R-A38B-07	1.343674635	2.343787422	0.886298429	1.686352272	3.245852252	1.670307669	5.863709781	Tumor
TCGA-ZP-A9CZ-01A-11R-A38B-07	0.908639305	1.743891244	1.597629304	1.277228599	1.834938865	2.447348735	9.457716986	Tumor
TCGA-2Y-A9H0-01A-11R-A38B-07	1.099661067	2.100081178	1.698906204	1.924496645	1.550787838	0.986920715	10.91094924	Tumor
TCGA-DD-AACI-01A-11R-A41C-07	1.451719461	1.517062594	1.75795962	1.231585275	0.164077143	4.187431941	16.32453029	Tumor
TCGA-XR-A8TG-01A-11R-A36F-07	0.467550783	1.664266311	0.984249838	1.412420788	1.882256653	2.248348832	8.823679946	Tumor
TCGA-2Y-A9GX-01A-11R-A38B-07	0.653699064	0.909442787	0.7379273	1.353182547	3.517345906	2.725706351	5.508857859	Tumor
TCGA-ED-A7PZ-01A-11R-A33R-07	1.913302216	1.625135958	1.41468511	2.105435425	1.385220395	2.696360101	14.85527871	Tumor
TCGA-DD-A3A7-01A-11R-A22L-07	2.14177849	3.051056735	2.290433191	3.747866739	0.561662536	3.585521267	25.15546457	Tumor
TCGA-G3-AAV4-01A-11R-A38B-07	0.587802904	1.337469106	1.55403418	2.687669266	2.679097868	1.510985076	12.06228524	Tumor
TCGA-WJ-A86L-01A-12R-A39D-07	0.989859097	2.02640838	1.076101256	2.116545375	2.52034028	1.272499548	9.085607703	Tumor
TCGA-ED-A82E-01A-11R-A352-07	1.472955433	1.60850612	2.26049528	2.838484229	0.093394101	2.728098997	21.74567048	Tumor
TCGA-G3-A25V-01A-11R-A16W-07	0.940510391	1.290525014	0.73375875	1.983760468	3.126190155	2.579037366	8.864536361	Tumor
TCGA-DD-A4NQ-01A-21R-A28V-07	1.262108967	0.839627836	0.354823202	2.313085595	1.682512723	2.1877031	13.34184533	Tumor
TCGA-G3-A3CJ-01A-11R-A213-07	1.028942637	1.575102768	1.35638082	0.626629757	1.449576892	2.257713797	7.340466238	Tumor
TCGA-ES-A2HS-01A-11R-A180-07	1.968840006	2.256699769	1.689164751	0.903274807	1.848275236	3.494990796	9.674059402	Tumor
TCGA-2V-A95S-01A-11R-A37K-07	1.442122902	1.705231577	1.76573452	3.010047093	1.352494021	2.760396169	18.85463476	Tumor
TCGA-ES-A2HT-01A-12R-A180-07	1.012040789	1.825545442	1.094253845	1.637375284	1.824909834	2.504556311	10.58844275	Tumor
TCGA-FV-A495-01A-11R-A266-07	1.373047006	2.34482492	1.575426089	1.509830266	2.031317606	3.793464544	11.66830633	Tumor
TCGA-DD-A1EA-01A-11R-A131-07	0.152655548	0.992930175	0.644572349	1.097643204	2.503006382	0.266350959	3.172225497	Tumor
TCGA-BC-A10Z-01A-11R-A131-07	0.668665946	1.597552842	1.150983952	2.371987168	1.305262236	0.590533058	12.36114075	Tumor
TCGA-BC-A10W-01A-11R-A131-07	0.727520005	0.360085779	0.510096504	0.24507644	1.655971046	2.122764595	4.741852643	Tumor
TCGA-BC-A10R-01A-11R-A131-07	1.266400733	1.44539639	1.362967032	2.809799549	1.191808409	3.013145354	18.39824852	Tumor
TCGA-DD-A11D-01A-11R-A131-07	0.622063408	1.446737801	1.076460013	2.791001046	2.461528799	1.556330875	12.57537452	Tumor
TCGA-BC-A10Y-01A-11R-A131-07	0.335205567	2.314970973	1.618783871	2.06292953	2.217119594	2.093409703	10.70073409	Tumor
TCGA-DD-A113-01A-11R-A131-07	0.890761133	2.125800501	2.412378138	0.591700386	2.092549172	2.268154581	6.273103009	Tumor
TCGA-DD-A1EE-01A-11R-A131-07	0.587176685	1.040250217	1.174104026	1.460059843	2.035330613	0.777045353	7.284581265	Tumor
TCGA-DD-A1EF-01A-11R-A131-07	1.105763355	2.003888824	1.459491907	2.385008884	3.664801358	1.171336469	7.728781932	Tumor
TCGA-BC-A110-01A-11R-A131-07	0.701597719	1.134140558	0.65967085	1.030487373	5.0984198	4.278707434	2.184115532	Tumor
TCGA-DD-A114-01A-11R-A131-07	1.595756938	2.085209442	1.499076591	3.379810681	1.612445461	2.853572442	19.50100443	Tumor
TCGA-CC-5258-01A-01R-A131-07	0.784103963	1.411596373	0.992527037	1.153247132	3.16349578	3.043111305	5.999927183	Tumor
TCGA-BC-A10S-01A-22R-A131-07	0.918977278	1.472545253	1.760225077	1.395983545	1.994251105	2.657758172	10.17571224	Tumor
TCGA-CC-5264-01A-01R-A131-07	1.213153535	1.902689527	1.414281135	2.773231052	3.135668812	0.892206091	10.36141612	Tumor
TCGA-3K-AAZ8-01A-12R-A39D-07	0.808768197	1.785810182	1.799484692	1.87589837	1.562500808	0.809436752	10.55205074	Tumor
TCGA-G3-AAV0-01A-11R-A37K-07	1.184723238	2.538651998	1.865127658	2.487315398	2.92671579	2.510233801	11.9142669	Tumor
TCGA-5R-AA1C-01A-11R-A41C-07	0.639932316	1.360465617	1.706636935	1.267772179	2.438292511	1.09780227	6.290436603	Tumor
TCGA-NI-A8LF-01A-11R-A36F-07	0.64479168	1.819526799	1.169399706	0.447347246	3.013688644	3.024775227	3.229206898	Tumor
TCGA-RC-A7SB-01A-21R-A352-07	0.39043755	2.27616115	1.262602383	1.834465791	1.809565489	2.092530351	10.44102397	Tumor
TCGA-ZS-A9CG-01A-11R-A37K-07	0.813651379	1.317252333	1.315013446	1.739390402	2.356040302	2.265181356	9.79044938	Tumor
TCGA-FV-A3R3-01A-11R-A22L-07	0.60849935	1.332216736	0.203792491	2.16646522	3.415961149	2.490015414	8.058773733	Tumor
TCGA-DD-A73D-01A-12R-A32O-07	0.810907223	1.60128586	1.696810794	0.391932035	2.282939378	0.481186518	2.104096073	Tumor
TCGA-DD-AACZ-01A-11R-A41C-07	1.267750975	1.427714324	1.498707149	1.435938782	1.59426953	4.762424183	14.13668525	Tumor
TCGA-2Y-A9GT-01A-11R-A38B-07	0.59480366	1.371024373	0.62250241	1.307970737	3.013195318	2.624253004	6.001455567	Tumor
TCGA-2Y-A9GV-01A-11R-A38B-07	0.4463423	1.166597157	0.345264591	0.898391035	3.121346459	1.969747073	2.887639967	Tumor
TCGA-2Y-A9GW-01A-11R-A38B-07	1.061545251	1.63972296	1.6810453	2.397848415	2.154913805	2.647414336	13.8890527	Tumor
TCGA-BC-A3KF-01A-11R-A213-07	0.991790618	1.838924014	1.040510638	2.96790979	3.344986382	1.28046245	10.72852223	Tumor
TCGA-DD-AADS-01A-11R-A41C-07	1.305142795	1.927322135	1.383351509	0.68477406	0.952354907	2.409938041	8.993274207	Tumor
TCGA-RC-A6M3-01A-11R-A32O-07	1.61365397	1.674349842	2.208574696	3.803894907	0.466198221	4.612308033	27.42689879	Tumor
TCGA-2Y-A9GS-01A-12R-A38B-07	0.721460019	1.50623083	1.645083044	0.900871999	1.067430256	2.08067635	9.340946174	Tumor
TCGA-K7-A6G5-01A-11R-A311-07	0.909283204	1.575102768	1.153427702	2.25070214	2.646727898	1.735628096	10.25802467	Tumor
TCGA-ED-A7PX-01A-51R-A352-07	1.756326855	2.166837676	2.374423372	2.712538508	0.36796377	4.489262132	22.87040677	Tumor
TCGA-DD-A1EH-01A-11R-A131-07	0.459473435	1.340321048	1.418617838	2.105435425	2.57147835	1.59892044	9.785194523	Tumor
TCGA-DD-A11A-01A-11R-A131-07	0.566951518	1.559967023	0.963130105	1.056892913	2.795458863	1.142118852	3.690343422	Tumor
TCGA-CC-5263-01A-01R-A131-07	0.440015701	2.365788523	1.464283068	2.856999055	1.401941457	0.921520237	14.33966056	Tumor
TCGA-CC-A1HT-01A-11R-A131-07	0.865832172	1.333390914	1.541689339	1.586308288	0.076602801	5.150408137	18.88332939	Tumor
TCGA-EP-A12J-01A-11R-A131-07	0.453946029	0.997959912	1.176267486	1.871182217	2.731329388	0.791225556	7.273598845	Tumor
TCGA-CC-A123-01A-11R-A131-07	1.864267075	2.476081442	2.079791895	1.551161784	0.631686397	3.193480267	15.17823211	Tumor
TCGA-BC-A10T-01A-11R-A131-07	0.269943604	1.856777128	1.306277634	0.896122076	2.893034953	2.927680294	5.17813433	Tumor
TCGA-DD-A119-01A-11R-A131-07	1.002940227	1.858326572	1.157040442	0.996475417	0.848479453	3.725507841	11.97545227	Tumor
TCGA-BC-A10U-01A-11R-A131-07	0.735243428	1.371614556	1.362967032	2.352409281	1.983610482	1.25422718	11.88961394	Tumor
TCGA-DD-A1EI-01A-11R-A131-07	1.217449471	3.43152912	3.565953474	0.925007447	3.30580329	2.684695081	5.829061817	Tumor
TCGA-DD-A1EB-01A-11R-A131-07	0.487072527	1.473670137	0.60398938	1.392380912	3.290018741	1.137197952	3.52876705	Tumor
TCGA-DD-A115-01A-11R-A131-07	0.660406587	2.111645111	1.309223163	0.374474184	2.301604773	2.114347121	3.419395071	Tumor
TCGA-CC-5262-01A-01R-A131-07	1.274990962	2.052983194	1.457044968	2.052276647	1.711422835	3.578273516	14.44153115	Tumor
TCGA-BC-A112-01A-11R-A131-07	1.815062039	2.103652074	1.904901989	2.155059347	0.809714173	3.186326487	17.28762431	Tumor
TCGA-DD-A116-01A-11R-A131-07	1.294821102	1.720563906	1.618383375	0.80494648	1.971361773	2.386914285	7.313212806	Tumor
TCGA-DD-A11C-01A-11R-A131-07	0.440663052	1.411003779	1.139474623	0.626629757	2.739480533	2.873565992	4.542795609	Tumor
TCGA-DD-A118-01A-11R-A131-07	1.19850759	2.441578369	1.758389034	1.52849096	2.91855493	2.05150237	7.240271278	Tumor
TCGA-BC-4073-01B-02R-A131-07	0.559642371	1.107159025	0.653529398	2.747125111	0.116676841	1.386767121	17.66263771	Tumor
TCGA-2Y-A9H5-01A-11R-A38B-07	0.814277974	1.075827644	1.293733628	2.501744817	2.938521517	2.394241444	11.86189593	Tumor
TCGA-RC-A6M6-01A-11R-A32O-07	0.378106887	2.607399621	2.450124304	1.830066406	1.518865978	7.052917825	18.8073972	Tumor
TCGA-DD-AAD2-01A-11R-A41C-07	0.653997559	1.454139664	0.987692264	1.909897661	1.953401063	3.378581079	12.50201775	Tumor
TCGA-ED-A8O6-01A-11R-A36F-07	0.811823154	1.462852534	1.603020429	1.924496645	2.309802732	2.921270173	11.76754309	Tumor
TCGA-DD-AAE4-01A-11R-A41C-07	1.065713664	1.90663955	1.674475298	0.659728046	1.687083998	3.3018826	8.448801022	Tumor
TCGA-DD-A73B-01A-12R-A32O-07	1.014864637	2.006329373	1.48652224	1.988670026	3.189398019	0.811699256	6.715763254	Tumor
TCGA-DD-A3A6-01A-11R-A22L-07	2.183778109	2.387877652	1.159583625	6.145792169	0.099560538	7.425025309	40.85176279	Tumor
TCGA-DD-AACK-01A-11R-A41C-07	0.612236979	1.681256582	1.319166302	2.171833469	2.496461217	1.540435937	9.961079955	Tumor
TCGA-G3-A3CG-01A-11R-A213-07	0.496549568	1.412720474	0.934449523	1.793434424	1.698813174	1.885771357	10.50213988	Tumor
TCGA-ED-A459-01A-11R-A266-07	0.781592677	2.108889397	1.633872353	1.295753727	2.439719472	1.627525991	6.692907538	Tumor
TCGA-DD-AAEB-01A-11R-A41C-07	1.292484909	1.590810326	1.718706174	1.078699705	2.112643309	4.285273987	10.85401945	Tumor
TCGA-KR-A7K8-01A-11R-A33J-07	0.934521421	1.437499498	1.279341549	2.238013154	1.667630124	4.132782608	16.0640632	Tumor
TCGA-RC-A7SF-01A-11R-A352-07	0.786789723	1.670996761	1.651942064	3.204559996	2.806691669	2.402197441	15.1444986	Tumor
TCGA-G3-A7M5-01A-11R-A33R-07	1.151270319	1.928121303	2.07467897	0.628767555	1.729591723	2.373090364	7.394386239	Tumor
TCGA-DD-AAE9-01A-11R-A41C-07	0.791396712	1.629707673	1.998667903	2.466096688	2.783075726	2.44462916	12.52334619	Tumor
TCGA-ZP-A9D4-01A-11R-A37K-07	0.634784769	1.560634395	1.24292703	0.900871999	2.364035618	0.772896063	3.911313035	Tumor
TCGA-K7-AAU7-01A-11R-A38B-07	1.273666774	0.892246146	1.542099735	3.042337937	1.115530499	3.468056222	20.68260095	Tumor
TCGA-GJ-A3OU-01A-31R-A38B-07	1.199815953	1.090191558	1.417440872	2.622050162	2.036610145	3.369639268	16.23776822	Tumor
